"","baseMean","log2FoldChange","lfcSE","stat","pvalue","padj","ensembl_gene_id","gene_biotype","hgnc_symbol"
"141",16.6472883723736,2.85516285167484,0.822796934518135,3.47006987009127,0.000520322992335408,0.00157113043286175,"ENSG00000225077","lncRNA","ICMT-DT"
"143",6.22016006807203,6.17943025340812,1.84665103483265,3.34629019606193,0.000819006323296482,0.00236498910392866,"ENSG00000204464","lncRNA","TMEM51-AS2"
"146",20.9094963079685,-2.1114531645741,0.794319161994927,-2.65819240627559,0.007856102771352,0.0177082041167488,"ENSG00000284543","lncRNA","LINC01226"
"235",4.68716725860221,-5.79092402531167,2.04503450317799,-2.83169991328389,0.00463012798724535,0.0111423339397341,"ENSG00000230138","lncRNA","LINC02812"
"278",7.16595518046506,6.38334406279622,1.76505142192112,3.61652016678836,0.00029859006488833,0.000945076776516219,"ENSG00000259818","lncRNA","CZIB-DT"
"286",4.81443226449685,5.80841506054138,1.98753115526064,2.92242717562819,0.00347314830668017,0.00862353381418643,"ENSG00000228369","lncRNA","TXNDC12-AS1"
"321",4.59215925915561,4.68499520744765,1.83908750068517,2.54745639111908,0.0108511414570346,0.0235219345658329,"ENSG00000234264","lncRNA","DEPDC1-AS1"
"327",5.68149012285302,6.04801630250082,1.87965343615432,3.21762309273074,0.00129257550163829,0.00356104422748914,"ENSG00000116652","lncRNA","DLEU2L"
"416",42.2483100112938,-2.49419223407884,0.528868355757137,-4.71609277985278,2.40416836165224e-06,1.11927751209675e-05,"ENSG00000232453","lncRNA","LINC02777"
"487",5.53698047979365,6.01074428526463,1.89426277444051,3.17313118663801,0.00150804366542648,0.00409267315967668,"ENSG00000227290","lncRNA","LINC01364"
"522",6.64696954875526,6.27403303670145,1.79832129334114,3.48882764160836,0.000485143860124093,0.00147321754185637,"ENSG00000225767","lncRNA","FAF1-AS1"
"705",4.72438293009207,-5.80737127268107,2.15115527246076,-2.69965229708308,0.00694119778749424,0.0159074831705988,"ENSG00000227082","lncRNA","LINC02798"
"799",10.1498376257106,2.66874266646433,1.17309449241431,2.27495967607168,0.022908348911652,0.0449525670563482,"ENSG00000233203","lncRNA","DHCR24-DT"
"801",2.25557482114299,-4.73505654762252,2.35744818086188,-2.00855169842647,0.0445846981377477,0.078868412500582,"ENSG00000232265","lncRNA","LINC02805"
"815",30.1041454874689,6.53101890374183,1.22889488871014,5.31454639753353,1.06923336803507e-07,6.20342586320285e-07,"ENSG00000278811","lncRNA","LINC00624"
"846",27.0134427493878,-3.63051848156367,0.772215461689454,-4.70143199881134,2.58343300421504e-06,1.19692898185964e-05,"ENSG00000272931","lncRNA","LRRC8D-DT"
"856",11.4045202982165,6.06531364409077,1.51796684360161,3.99568256029881,6.450812411482e-05,0.000232134161137775,"ENSG00000224468","lncRNA","LAMC1-AS1"
"875",2.57476981306443,4.90704476384053,2.47105356948789,1.98581075879204,0.0470543406885174,0.0824043138498695,"ENSG00000224718","lncRNA","LINC01657"
"933",9.00504236056635,-6.73720568727215,1.89692039083861,-3.55165441829305,0.000382817289697104,0.00118815523470058,"ENSG00000232527","lncRNA","LINC02802"
"941",4.89283108714501,-5.84511822649718,1.94664229326115,-3.00266682108556,0.00267625250291153,0.00682577591410777,"ENSG00000215808","lncRNA","LINC01139"
"1020",121.604236587329,10.4679159425414,1.26638899761372,8.26595616533802,1.3857947060529e-16,2.50930725205974e-15,"ENSG00000228437","lncRNA","LINC02474"
"1176",2.4934941311454,-4.85902171365581,2.36929285198455,-2.05083204872114,0.0402833053549619,0.0724615221906634,"ENSG00000237980","lncRNA","LINC02773"
"1230",3.11565634841292,-5.20323569088669,2.26516185696425,-2.29707015191401,0.0216147681646574,0.0427457267668998,"ENSG00000237457","lncRNA","BRINP3-DT"
"1342",4.5518167403822,5.72892032929843,2.02986346786225,2.82231806227432,0.00476778659176273,0.0114352550296467,"ENSG00000234754","lncRNA","LINC02817"
"1353",20.1905593053661,7.87714162729033,1.4264415359391,5.52223237253422,3.34719404313371e-08,2.07473847248228e-07,"ENSG00000226876","lncRNA","SMYD3-AS1"
"1360",153.565393403536,-1.18553644648943,0.530362565497799,-2.23533206076994,0.02539555674168,0.049061761743558,"ENSG00000234678","lncRNA","ELF3-AS1"
"1470",7.36781996855478,-3.92165871655511,1.44691932472991,-2.71035063913265,0.00672121124783754,0.0154580638160951,"ENSG00000229228","lncRNA","LINC00582"
"1710",13.1651772522201,2.04641139522064,0.857777876652099,2.38571249145265,0.0170460715884631,0.0348599616708441,"ENSG00000224358","lncRNA","TMCO1-AS1"
"1726",7.64585302085156,3.3863179392039,1.22410237970094,2.76636823468247,0.00566844871796918,0.0133084694001856,"ENSG00000232077","lncRNA","LINC01031"
"1738",3.68475888202603,5.42332164118124,2.16236289982576,2.50805340843493,0.0121398316527687,0.0259177396999237,"ENSG00000226088","lncRNA","HHLA3-AS1"
"1799",2.24814572295227,-4.7307672270487,2.37277172439811,-1.99377259025992,0.0461769122979199,0.0811793093401181,"ENSG00000233154","lncRNA","LINC01762"
"1836",16.2534565026411,-1.9071115301208,0.791988045123235,-2.40800545142579,0.016039941510455,0.0330134308665488,"ENSG00000284237","lncRNA","LINC02767"
"1962",46.7111380064899,-2.94728111188505,0.63664896570118,-4.62936605675474,3.6678688404076e-06,1.65688131305606e-05,"ENSG00000225762","lncRNA","LINC01389"
"1964",136.250669600534,-3.96837308409255,0.430551625017032,-9.21695065936764,3.05669119885516e-20,7.86963670262147e-19,"ENSG00000237424","lncRNA","FOXD2-AS1"
"2057",13.2712442004713,3.04850292029811,1.21062715405489,2.51811873712514,0.0117983539873398,0.025340329512398,"ENSG00000274372","lncRNA","LINC02804"
"2069",7.99414888948005,4.04582179731087,1.34048856862196,3.01816956296019,0.00254306569403945,0.00652434193683737,"ENSG00000223949","lncRNA","ROR1-AS1"
"2128",4.7553793239692,5.79136841083266,1.986979467128,2.91465941477672,0.00356076900813604,0.00881278455006084,"ENSG00000237200","lncRNA","ZBTB40-IT1"
"2212",31.1739873645007,-4.23835707667195,0.786805130480175,-5.38679389912639,7.17256013418178e-08,4.26537438235926e-07,"ENSG00000231407","lncRNA","GORAB-AS1"
"2272",39.8712489693383,2.9062146601222,0.563058779916592,5.16147649904813,2.45009652929428e-07,1.34573981659343e-06,"ENSG00000223653","lncRNA","BCL10-AS1"
"2421",6.34358269186647,3.60615432833183,1.43810631984522,2.50757143513558,0.0121564006919461,0.0259471422392479,"ENSG00000269956","lncRNA","MKNK1-AS1"
"2550",17.2686911574102,6.66526891417308,1.42952645191788,4.66257123485251,3.12282939371198e-06,1.42314499519237e-05,"ENSG00000228060","lncRNA","PABPC4-AS1"
"2583",13.5762389351344,7.30385595375472,1.54374088637183,4.73127065444292,2.23118800575646e-06,1.04451124286304e-05,"ENSG00000276255","lncRNA","LINC02809"
"2670",66.6293573566355,2.70256401097812,0.558130893210724,4.84216882429004,1.28429572819552e-06,6.24117939783649e-06,"ENSG00000270084","lncRNA","GAS5-AS1"
"2672",2.79801671016065,5.02537863324898,2.39070306776267,2.10205052271588,0.0355488503336248,0.0653646969896348,"ENSG00000236535","lncRNA","RC3H1-IT1"
"2681",4.83588958348908,-5.83885421401104,2.54382739770573,-2.29530282568585,0.0217157757973916,0.042902800895663,"ENSG00000231437","lncRNA","LINC01750"
"2853",32.6034160211343,-4.52036171490534,0.836975099878794,-5.40083177571226,6.63326081837418e-08,3.96457938576898e-07,"ENSG00000223764","lncRNA","LINC02593"
"2889",3.85567228708947,5.4906202220998,2.24757716668188,2.44290621185019,0.0145695230059403,0.0303483567680806,"ENSG00000229780","lncRNA","UBE2Q1-AS1"
"2950",70.3944081188397,-1.75109909349208,0.599322480153964,-2.92179778245967,0.00348017414282508,0.00863943685389037,"ENSG00000272068","lncRNA","BCAN-AS1"
"2953",39.4835914311786,1.23926939862373,0.527766487669403,2.3481396177622,0.0188674474813227,0.0380121565696173,"ENSG00000229953","lncRNA","BCAN-AS2"
"2974",12.4739362976745,-3.01854561541502,1.32767574828263,-2.27355634033352,0.0229926750261399,0.0450957814413318,"ENSG00000261664","lncRNA","TTC39A-AS1"
"2980",42.9717826215454,1.84500928578037,0.6791706188062,2.71656228154186,0.00659637828906448,0.0151981516353727,"ENSG00000237491","lncRNA","LINC01409"
"3272",1406.61097438539,2.84894937444767,0.454757929429225,6.26476019455767,3.73399586796911e-10,3.11233420190021e-09,"ENSG00000242125","lncRNA","SNHG3"
"3295",9.96833869471363,2.33510146749346,1.00732036988567,2.31813188465402,0.0204421545288231,0.0407766696562811,"ENSG00000280924","lncRNA","LINC00628"
"3296",16.2166857363581,2.16633194550512,0.823100484931696,2.63191674062115,0.00849046670200574,0.0189828228457199,"ENSG00000226330","lncRNA","PPP1R15B-AS1"
"3528",18.7972149582283,2.60350285498975,0.764013110347032,3.40766777393018,0.000655206153492948,0.00193701322050799,"ENSG00000218510","lncRNA","LINC00339"
"3549",7.23010122174973,3.20408442928948,1.41395252924839,2.26604809073234,0.0234484389629381,0.045860400897929,"ENSG00000162888","lncRNA","IKBKE-AS1"
"3669",15.3977250189359,-7.50670311987289,2.09246056951895,-3.5875003950964,0.000333863227145522,0.00104872996328296,"ENSG00000225670","lncRNA","CADM3-AS1"
"3682",3.4418276714206,5.32643274623832,2.27437108744223,2.34193653605949,0.0191839767033521,0.0385494047386998,"ENSG00000232298","lncRNA","GRHL3-AS1"
"3731",22.7364175296597,-1.72080901785514,0.638791321298194,-2.69385159203165,0.00706316065892463,0.0161431242751524,"ENSG00000232093","lncRNA","DCST1-AS1"
"3857",10.0165908362513,3.25539041918748,1.05392528648806,3.08882466425608,0.00200949995823904,0.00527408462257173,"ENSG00000225891","lncRNA","DHDDS-AS1"
"3887",23.4452845174237,-5.04755578482548,1.17277904272031,-4.30392733921766,1.67796715814844e-05,6.73388665874971e-05,"ENSG00000230630","lncRNA","DNM3OS"
"4003",42.4467887693623,5.2620558066298,0.764185860074797,6.88583246766011,5.7450570685248e-12,6.11904643222785e-11,"ENSG00000281207","lncRNA","SLFNL1-AS1"
"4016",38.0935671145039,-2.47032402975299,0.647501216683802,-3.81516507784315,0.000136091924972983,0.000461280521729763,"ENSG00000224536","lncRNA","CSRP1-AS1"
"4228",9.57875747036299,-1.99586798865001,1.00742334921636,-1.9811611376712,0.0475732058541379,0.0831737339092736,"ENSG00000267272","lncRNA","LINC01140"
"4269",42.5680616440874,1.82106461805071,0.598922870502433,3.04056616926822,0.0023613379911862,0.006102553406324,"ENSG00000227959","lncRNA","EPHA2-AS1"
"4275",38.5084226612354,-8.82801824555863,1.5721120370592,-5.61538747713704,1.96122251225959e-08,1.26042641160637e-07,"ENSG00000231246","lncRNA","LINC02884"
"4276",4.89534094402579,4.80799349031806,1.8309253690318,2.62599097245594,0.00863971087538921,0.0192746928555477,"ENSG00000203721","lncRNA","LINC00862"
"4281",11.3230209743154,2.05878505109238,1.03390399412939,1.99127294485984,0.0464508881829884,0.0815849018053464,"ENSG00000226026","lncRNA","RWDD3-DT"
"4282",516.783115232386,1.87710517455153,0.338868228745361,5.53933657782376,3.03619620821674e-08,1.89675368509271e-07,"ENSG00000197989","lncRNA","SNHG12"
"4283",26.0595651155022,1.76999755665028,0.607697829556406,2.9126277412284,0.00358401576484795,0.00886480116881296,"ENSG00000236200","lncRNA","KDM4A-AS1"
"4284",4.99208881339363,-5.88287803205089,2.30040512322164,-2.55732260925072,0.0105481341790473,0.0229509125429651,"ENSG00000197880","lncRNA","MDS2"
"4443",3.02798305575173,5.14097463345086,2.33347889865699,2.20313739987522,0.0275850658693437,0.0527171577428899,"ENSG00000285905","lncRNA","BMP8B-AS1"
"4556",4.4860443513597,5.70673053982583,2.02754605259838,2.81459971402989,0.00488380238065652,0.011673059434563,"ENSG00000235131","lncRNA","TP73-AS2"
"4939",15.4524876973954,5.6440277113381,1.36310310028596,4.14057286653817,3.46439534580559e-05,0.000131180390298116,"ENSG00000237853","lncRNA","NFIA-AS1"
"4954",17.0635307970868,2.52618386993607,0.802604740390721,3.14748187097211,0.0016468331777179,0.00443002263377798,"ENSG00000232860","lncRNA","SMG7-AS1"
"4987",3.97827696437961,-5.55592189481755,2.15316670682595,-2.58034915606126,0.00987004658272154,0.0216737625409281,"ENSG00000231768","lncRNA","LINC01354"
"4997",50.4486598147582,1.52862277525191,0.659163729649638,2.31903350638606,0.0203932196209673,0.040694321020373,"ENSG00000228526","lncRNA","MIR34AHG"
"5000",150.310283612432,5.51529731854341,0.561971877470475,9.81418739914289,9.78229351537616e-23,3.11144012373067e-21,"ENSG00000226476","lncRNA","LINC01748"
"5004",9.29380512690644,2.70045293931948,1.26508684413634,2.13459886318164,0.0327937903954135,0.060971606686803,"ENSG00000228606","lncRNA","DCAF8-DT"
"5005",5.38112917590709,-5.98129370682342,1.89861271110485,-3.15034955356575,0.00163075221480275,0.0043905838144699,"ENSG00000237352","lncRNA","LINC01358"
"5010",103.411327352329,-1.17935136821732,0.587252840479312,-2.00825144967327,0.0446165782229285,0.0789047460457726,"ENSG00000235501","lncRNA","CNN3-DT"
"5013",13.2145155263035,-5.81249111921517,1.88649913628059,-3.08109927401029,0.00206237874589447,0.00540166223197712,"ENSG00000177133","lncRNA","PRDM16-DT"
"5018",50.0368609337053,9.18694502802879,1.31583141238664,6.98185568572617,2.91306290141946e-12,3.21847771375168e-11,"ENSG00000229989","lncRNA","MIR181A1HG"
"5020",73.8803857973928,1.20524905769713,0.439527878514557,2.74214473441465,0.00610394392564985,0.0141950050989838,"ENSG00000203709","lncRNA","MIR29B2CHG"
"5022",109.227339079219,-2.34733542965282,0.444632738209295,-5.27926809687121,1.29700916121558e-07,7.41974552225916e-07,"ENSG00000233621","lncRNA","ZC3H12A-DT"
"5027",10.5835505153737,5.95585683654931,1.54209660765137,3.86218140095655,0.000112379070299881,0.000386794695215928,"ENSG00000226889","lncRNA","ATF6-DT"
"5034",21.4636656139994,-6.54380596172589,1.70039620389228,-3.84840071199102,0.000118891465514131,0.000407345608361907,"ENSG00000234184","lncRNA","LINC01781"
"5038",16.1580074023529,-3.20355209762357,1.01407017463355,-3.15910296718983,0.00158255566821628,0.00427322274203234,"ENSG00000233593","lncRNA","LINC02609"
"5039",14.4405578114874,2.25767683990113,0.847884830446301,2.66271639594348,0.00775127124258078,0.0175016736940017,"ENSG00000280587","lncRNA","LINC01348"
"5040",6.75211056479619,6.29712608304339,1.7878415779985,3.52219467347497,0.000427989731822537,0.00131414190493745,"ENSG00000232480","lncRNA","TGFB2-AS1"
"5041",5.38526812209582,4.0503755251435,1.73760855381118,2.33100574709972,0.0197530566398475,0.0395928930027797,"ENSG00000226835","lncRNA","ARHGAP29-AS1"
"5045",29.6217129199561,-8.43824885641015,1.86830255148512,-4.51653231951247,6.28605268191808e-06,2.72885871456032e-05,"ENSG00000224968","lncRNA","LINC01645"
"5046",6.01704162489859,-3.63052580057858,1.44414182740397,-2.51396762539931,0.0119381392340278,0.0255734569752331,"ENSG00000233008","lncRNA","LINC01725"
"5047",1272.70139725223,-9.26545929448403,0.619209612774563,-14.9633647529586,1.27417465193695e-50,2.34844733364617e-48,"ENSG00000224259","lncRNA","LINC01133"
"5056",42.4058217119526,-8.96333431108831,2.74611215473595,-3.26400882630745,0.00109847743348563,0.00307593575322855,"ENSG00000227591","lncRNA","HSD11B1-AS1"
"5059",266.544520693548,-5.38799725886683,0.475231480981063,-11.3376269765292,8.54296314801677e-30,4.68953071740542e-28,"ENSG00000238164","lncRNA","TNFRSF14-AS1"
"5064",87.0300663092518,-1.8503901139611,0.399912403433057,-4.62698855568465,3.71021007360259e-06,1.67410597533129e-05,"ENSG00000197568","lncRNA","HHLA3"
"5066",67.9485317562351,2.64344068751187,0.530073058735756,4.98693650610459,6.13442142791717e-07,3.15751956279569e-06,"ENSG00000224699","lncRNA","LAMTOR5-AS1"
"5068",14.9708081197875,1.84195183462172,0.841212210627419,2.18963991648183,0.0285503617229059,0.0542897729646212,"ENSG00000227533","lncRNA","SLC2A1-DT"
"5073",49.224878175872,-3.04789657583445,0.682735145650522,-4.46424443688241,8.03517914496509e-06,3.41676196766269e-05,"ENSG00000236423","lncRNA","LINC01134"
"5078",107.570532887784,-1.12097629469752,0.50619853533667,-2.21449928524973,0.0267944518206402,0.0514003576385605,"ENSG00000259943","lncRNA","ZMPSTE24-DT"
"5080",288.269540084597,2.49918661676471,0.515940129905843,4.84394694636527,1.27284932995141e-06,6.18987763443609e-06,"ENSG00000231365","lncRNA","WARS2-AS1"
"5084",25.0608434737774,2.59832905658084,0.673727074848667,3.85664930738383,0.000114951895346974,0.000395014964736588,"ENSG00000272145","lncRNA","NFYC-AS1"
"5086",69.4507100515572,2.68241289300153,0.645877769565014,4.15312775791631,3.2796151353309e-05,0.000124880241936509,"ENSG00000226419","lncRNA","SLC16A1-AS1"
"5088",90.3041212024787,1.04828599461742,0.520000591503314,2.01593231189764,0.0438070542709362,0.077675466833233,"ENSG00000233184","lncRNA","DPH5-DT"
"5095",13.1753665439476,3.97123592203326,1.2066942087484,3.29100437645449,0.000998303601497935,0.00282556570052771,"ENSG00000230337","lncRNA","EXOSC10-AS1"
"5199",268.660480900581,1.43446009129214,0.490771760354618,2.92286599835256,0.00346825742452898,0.00861523316512549,"ENSG00000228794","lncRNA","LINC01128"
"5225",5.68820957134787,6.0511459837767,1.94777387169024,3.10669840669217,0.0018918930455905,0.0050036373041746,"ENSG00000227634","lncRNA","LINC01714"
"5290",16.2290586756077,-5.08442622356418,1.36377988323165,-3.7281868475109,0.000192862367862631,0.000633264813589534,"ENSG00000228288","lncRNA","PCAT6"
"5418",4.29055743682545,-5.66204814278903,2.00652802938466,-2.82181363024637,0.00477529192600523,0.011448113497515,"ENSG00000231507","lncRNA","LINC01353"
"5424",18.2270887503252,2.76984417052501,0.783085112639242,3.53709210636092,0.000404558553094828,0.00125075195414154,"ENSG00000233396","lncRNA","LINC01719"
"5439",6.28742066979937,-3.75048572182221,1.70470344965084,-2.20008103027562,0.0278011465073319,0.0530536004145334,"ENSG00000227947","lncRNA","LINC01738"
"5460",30.1913174191027,-3.61233239412593,0.805595890128623,-4.48405017750175,7.32394280359214e-06,3.14217129900991e-05,"ENSG00000227070","lncRNA","EPS15-AS1"
"5488",7.6631468847842,2.67759401244473,1.20330082737254,2.22520748887989,0.0260673123494436,0.0501575891867647,"ENSG00000225234","lncRNA","TRAPPC12-AS1"
"5525",3.25122995284795,5.24221300038418,2.26181014642365,2.31770690774958,0.0204652553540632,0.0407766696562811,"ENSG00000224885","lncRNA","EIPR1-IT1"
"5544",5.86538960446444,2.71367649134864,1.37458540874646,1.97417815879725,0.0483614885848522,0.0844384309162497,"ENSG00000227210","lncRNA","WDR35-DT"
"5657",3.69435940570883,4.38083938035354,1.9642929876027,2.23023724464856,0.0257316968829005,0.0496023923158544,"ENSG00000235848","lncRNA","RMDN2-AS1"
"5852",7.8741524186278,2.78669952934652,1.14582028671767,2.43205637188476,0.0150133704766878,0.0311423651886933,"ENSG00000224875","lncRNA","EML4-AS1"
"5998",6.18346734422294,3.19201414399109,1.41066918685253,2.26276590836515,0.0236501235054985,0.0461866947780176,"ENSG00000231851","lncRNA","MRPS9-AS1"
"6023",9.53332403663556,5.79947661873617,1.5759971529482,3.67987759869182,0.000233345930710843,0.000754093195263988,"ENSG00000231221","lncRNA","LINC01593"
"6133",22.9963044193761,4.6082573944169,0.961885053400046,4.79086079789654,1.66067313277527e-06,7.94400033658793e-06,"ENSG00000238133","lncRNA","MAP3K20-AS1"
"6159",8.43705470035881,3.2011375914838,1.1331672638343,2.82494711385512,0.0047288420509438,0.0113553267929632,"ENSG00000234199","lncRNA","LINC01191"
"6172",8.40174347073179,5.60024700045479,1.60622638002649,3.48658636795795,0.000489227384714259,0.00148416038194708,"ENSG00000229867","lncRNA","STEAP3-AS1"
"6175",10.5698925942995,3.9767813667185,1.12542625870669,3.53357790966111,0.000409975238057976,0.00126567064341559,"ENSG00000236780","lncRNA","LINC01829"
"6280",563.976820996809,4.47860134969531,0.459508905373016,9.74649521984719,1.90946879240778e-22,5.93770122474872e-21,"ENSG00000172965","lncRNA","MIR4435-2HG"
"6297",28.9411437224806,5.1584776844617,0.936858966131519,5.50614112790328,3.66784532255212e-08,2.26592237895556e-07,"ENSG00000204380","lncRNA","PKP4-AS1"
"6316",19.6879342459109,5.23083609266575,1.25554333702143,4.16619318380125,3.09728263500187e-05,0.000118472337843234,"ENSG00000235724","lncRNA","PSMD14-DT"
"6339",22.1637205089365,2.77072735212978,1.257679470357,2.20304729260095,0.0275914155314672,0.0527256719071864,"ENSG00000229127","lncRNA","KANSL1L-AS1"
"6391",8.55978025930011,-2.76589150104036,1.16670006962919,-2.37069626808151,0.0177546146298281,0.0360625222422089,"ENSG00000234663","lncRNA","LINC01934"
"6395",42.0318855178802,1.46582772323432,0.549511561857121,2.66751024906633,0.00764155584074906,0.0172946361392118,"ENSG00000233654","lncRNA","NEMP2-DT"
"6417",9.87114790151391,2.88750713462167,1.0526138573671,2.7431779606666,0.00608476993373251,0.0141569329565047,"ENSG00000228043","lncRNA","SPOPL-DT"
"6467",39.2076595609291,3.4625879207026,0.618399276708287,5.59927550228359,2.15249483768221e-08,1.37304799054627e-07,"ENSG00000287151","lncRNA","C2orf27A"
"6474",65.1557269983686,5.2222280624066,0.638488304868774,8.1790504580658,2.86089299793082e-16,5.02027194359475e-15,"ENSG00000226383","lncRNA","LINC01876"
"6518",25.4239418711315,1.99300037466009,0.727945928802999,2.7378412266654,0.00618439253819643,0.0143599056174324,"ENSG00000280721","lncRNA","LINC01943"
"6550",14.7980884686318,7.42885750068543,1.49665059682624,4.96365518875206,6.9178716320266e-07,3.52621401814895e-06,"ENSG00000232023","lncRNA","LINC01807"
"6579",198.688734958509,1.66947806875512,0.328614400309484,5.08035578228718,3.76728642793063e-07,2.01126699742446e-06,"ENSG00000260804","lncRNA","LINC01963"
"6688",46.3178709394313,1.44270684239309,0.579781319865281,2.48836378986532,0.0128332385651031,0.0272030267368088,"ENSG00000225205","lncRNA","PDK1-AS1"
"6708",2.65350706710129,4.94862210443392,2.44406922182899,2.02474711445803,0.0428933380501155,0.076391149374337,"ENSG00000228909","lncRNA","LINC01803"
"7021",12.0252932081035,-4.67355219989969,1.36906970644578,-3.41367001102715,0.000640941552841019,0.00189988756599408,"ENSG00000224177","lncRNA","LINC00570"
"7049",6.94418665280107,3.29742063551542,1.23731992909846,2.66497011643382,0.00769951644309268,0.0174045843183652,"ENSG00000250116","lncRNA","RHOQ-AS1"
"7073",2.88347341269237,5.07028173667047,2.3690760266683,2.14019376313598,0.0323391110017749,0.060242958386238,"ENSG00000233221","lncRNA","ARHGEF4-AS1"
"7225",5.21261083831786,-5.94219276936817,1.91685004713244,-3.09997789251045,0.00193535087372269,0.00510837918878757,"ENSG00000231672","lncRNA","DIRC3"
"7282",43.6578568390758,4.89349200336545,0.723441422325143,6.76418553369222,1.34061199011885e-11,1.35576207474556e-10,"ENSG00000238062","lncRNA","SPATA3-AS1"
"7303",54.0746826274683,1.75743277898074,0.57824566868784,3.039249360862,0.00237168456928362,0.006126448231644,"ENSG00000260942","lncRNA","CAPN10-DT"
"7311",3.90887599196642,-5.53425414817949,2.14380066216469,-2.58151527138317,0.00983676391781417,0.0216057909081119,"ENSG00000233392","lncRNA","UICLM"
"7313",3.25122995284795,5.24221300038418,2.26181014642365,2.31770690774958,0.0204652553540632,0.0407766696562811,"ENSG00000224490","lncRNA","TTC21B-AS1"
"7440",30.7661159076081,3.07930448450323,0.650414208293039,4.73437456507081,2.19731610862777e-06,1.03004050226073e-05,"ENSG00000230002","lncRNA","ALMS1-IT1"
"7469",3.80958421157618,5.47185267036193,2.14411734475464,2.55203041183741,0.0107097170087083,0.0232534741742567,"ENSG00000224655","lncRNA","LINC01823"
"7486",108.395910848224,1.43855964392639,0.496649921516193,2.8965264698617,0.00377318809689307,0.00928569545166894,"ENSG00000204588","lncRNA","LINC01123"
"7500",102.226742147288,1.59408492767181,0.514609969909517,3.0976565182989,0.00195057362593176,0.00514319418127018,"ENSG00000175772","lncRNA","LINC01106"
"7574",10.5926553418567,-2.78261154356135,1.06295456099799,-2.61780855519242,0.00884964394082515,0.0196862313577735,"ENSG00000224220","lncRNA","DTNB-AS1"
"7711",8.01983985823758,-2.32678915652192,1.10090079056152,-2.1135320970522,0.0345552507895246,0.0637652290626746,"ENSG00000229525","lncRNA","DNPEP-AS1"
"7728",30.2006192715051,8.45833958224038,1.36176192316728,6.21132037718266,5.2541226831008e-10,4.28819614056828e-09,"ENSG00000227308","lncRNA","LINC02832"
"7786",6.43455542403514,-6.2361142794261,1.89923898183129,-3.28348056199494,0.00102533715402383,0.00289648379350764,"ENSG00000229692","lncRNA","SOS1-IT1"
"7882",15.5607471553221,-7.50899882957514,2.00173806713573,-3.75123946177419,0.000175962541043218,0.000582862626889074,"ENSG00000225964","lncRNA","NRIR"
"7888",17.9269759542322,-5.25911758804023,1.22671509269884,-4.28715487348402,1.80976121907152e-05,7.22424906597527e-05,"ENSG00000212978","lncRNA","C2orf74-DT"
"7999",40.9424176325864,5.2556875366182,0.92177981785304,5.70167347432217,1.18636917355784e-08,7.88391606238975e-08,"ENSG00000225328","lncRNA","LINC01594"
"8080",54.9908878158686,4.79426197087761,0.664830152475147,7.21125832369167,5.5437170269073e-13,6.64172141953754e-12,"ENSG00000226312","lncRNA","CFLAR-AS1"
"8180",441.166860448644,-5.36955802393245,0.455980865874551,-11.7758406674234,5.19961270809572e-32,3.34204206187095e-30,"ENSG00000224189","lncRNA","HAGLR"
"8252",22.2609343001881,-2.67822202525049,0.947334036656633,-2.827114746877,0.00469694939751188,0.0112836252638889,"ENSG00000237940","lncRNA","LINC01238"
"8401",6.29889732210889,6.1968155588687,1.82329952181426,3.39868216095543,0.000677113550335191,0.00199330941605444,"ENSG00000230046","lncRNA","BIRC6-AS1"
"8450",47.1491660682792,2.7386229414612,0.800530119383998,3.42101174602718,0.000623886376441015,0.00185442144184247,"ENSG00000238018","lncRNA","SPTBN1-AS2"
"8462",48.6981883285099,-1.58021990687808,0.700483062082803,-2.25590023858605,0.0240768795895527,0.0469410603052079,"ENSG00000237753","lncRNA","SLC20A1-DT"
"8530",7.41708420899758,3.40607698113375,1.22012654266397,2.79157682587339,0.00524519042590195,0.0124300829992572,"ENSG00000205500","lncRNA","MAPRE3-AS1"
"8717",21.0189616908607,-7.95184560762087,1.59129146186711,-4.99710191261299,5.81983154493515e-07,3.01120168286902e-06,"ENSG00000226363","lncRNA","HAGLROS"
"8735",9.8382571668118,-3.37185081127786,1.23589722075411,-2.72826150480413,0.00636691118440644,0.014724738671532,"ENSG00000231908","lncRNA","IDH1-AS1"
"8737",8.29562856293587,6.5940731613552,1.69200341006221,3.89719850571268,9.73118536840879e-05,0.000338789867385771,"ENSG00000231689","lncRNA","LINC01090"
"8741",3.39822042809591,-5.32525364002747,2.14651219202566,-2.48088674260081,0.0131056007067166,0.0276970136888624,"ENSG00000235997","lncRNA","LINC01936"
"8742",9.08997555969019,4.17342176502906,1.24382086152595,3.35532382043262,0.000792721320066786,0.00229699886484402,"ENSG00000285373","lncRNA","LINC02478"
"8776",5.3557781128852,2.95280877483137,1.48573641922743,1.98743783662973,0.0468738982422688,0.0821917503768009,"ENSG00000227028","lncRNA","SLC8A1-AS1"
"8810",11.6818428451461,-7.10413663951339,1.69981644668991,-4.17935516116897,2.9233683439499e-05,0.000112360536363029,"ENSG00000271952","lncRNA","LINC01954"
"8815",8.71941360802319,2.24159335248949,1.08211666449581,2.07148954085641,0.038313070874981,0.0694561669829075,"ENSG00000214184","lncRNA","GCC2-AS1"
"8816",5.87594280836859,4.08479486292584,1.55284935461976,2.63051586477045,0.00852553903000822,0.0190566393294591,"ENSG00000228763","lncRNA","LIMS1-AS1"
"8825",12.4752028497722,-7.20365718367983,1.81805253931481,-3.96229318344933,7.42333034898834e-05,0.000264260305631484,"ENSG00000224137","lncRNA","LINC01857"
"8913",3.26195757196629,-5.27058059387765,2.42630306400083,-2.17226803694785,0.0298354514442164,0.0563522530806914,"ENSG00000226674","lncRNA","TEX41"
"9005",10.0782869951061,-6.89917419113876,1.87706587166596,-3.67550989833698,0.000237374836667939,0.00076640128530225,"ENSG00000231758","lncRNA","ARHGAP15-AS1"
"9171",4.15765643822254,5.59733819990041,2.07594470301234,2.69628482482134,0.0070117682802445,0.016037445120295,"ENSG00000228108","lncRNA","SPTBN1-AS1"
"9181",13.9236633236955,3.47242023646724,0.970235795670394,3.57894467712144,0.000344984480489965,0.00107927867316954,"ENSG00000228363","lncRNA","CHMP3-AS1"
"9212",25.4097632761264,-1.53023949570629,0.749111532153801,-2.04273920507756,0.0410782616186022,0.0736914463779372,"ENSG00000235529","lncRNA","AGAP1-IT1"
"9287",4.60366696627137,3.80642095330481,1.81452601126606,2.09774945615077,0.0359272835452771,0.065877732794084,"ENSG00000234997","lncRNA","LINC02966"
"9289",19.7993631015386,3.07770902124535,0.785403046750587,3.91863646821669,8.90513054391062e-05,0.000312100098435432,"ENSG00000231609","lncRNA","EHBP1-AS1"
"9293",151.745421163674,-2.9591019451186,0.457296165700994,-6.47086541953082,9.74431952630076e-11,8.74819860440247e-10,"ENSG00000231312","lncRNA","MAP4K3-DT"
"9297",13.3739356968951,3.44449475541951,0.93721453900875,3.6752468213549,0.000237619579407256,0.000767102483990644,"ENSG00000226856","lncRNA","THORLNC"
"9304",36.5402548395654,1.18406527761465,0.542465507303701,2.18274758795263,0.0290544033367041,0.0551389771062947,"ENSG00000232973","lncRNA","CYP1B1-AS1"
"9306",14.9430400663017,-1.66399550847811,0.848574699385185,-1.96092990951029,0.0498871997221276,0.0866998036384746,"ENSG00000260101","lncRNA","AFTPH-DT"
"9318",11.5157232351811,-7.07889552092517,1.72620202396373,-4.10084997158704,4.11635381892937e-05,0.000153651077165536,"ENSG00000272913","lncRNA","LINC03052"
"9323",6.64773826849163,3.23427098339586,1.40566387642525,2.30088503918942,0.0213981299715751,0.0423534140700454,"ENSG00000271991","lncRNA","TTC32-DT"
"9324",35.9771325645285,-2.39271706226231,0.701316540017961,-3.41175050883732,0.000645471615529752,0.00191148335090535,"ENSG00000260025","lncRNA","CRIM1-DT"
"9326",21.6048866442146,2.52085132674598,0.766152080676897,3.29027537785815,0.00100089377605752,0.00283174491018164,"ENSG00000236204","lncRNA","LINC01376"
"9329",31.9053008633576,-3.09576696395778,0.687953752335125,-4.49996377438134,6.79650438567432e-06,2.93488772005744e-05,"ENSG00000163364","lncRNA","LINC01116"
"9335",107.970357307808,2.46620833662312,0.427196188817464,5.77301109228036,7.78673135456269e-09,5.32201670748611e-08,"ENSG00000236008","lncRNA","LINC01814"
"9336",7.04942890418453,-6.38045475992883,2.27103608310283,-2.80949070223995,0.0049619952384358,0.0118252994850833,"ENSG00000234362","lncRNA","LINC01914"
"9337",107.834467818247,2.61636245614918,0.478190980078733,5.47137559081186,4.46555769914228e-08,2.72948584305577e-07,"ENSG00000227403","lncRNA","LINC01806"
"9354",5.94392878818518,-6.13664257088031,2.23951259181204,-2.74016881767787,0.00614076341149704,0.0142693150626513,"ENSG00000231943","lncRNA","PGM5P4-AS1"
"9355",577.987551366383,-1.00885879321012,0.321067112274055,-3.14220533540348,0.00167680397055175,0.00449933776556362,"ENSG00000225953","lncRNA","SATB2-AS1"
"9358",5.11596238130228,-5.91045582653707,2.57353460190412,-2.29662963232125,0.0216399067490175,0.0427832808646662,"ENSG00000235688","lncRNA","SNTG2-AS1"
"9361",84.1570542358358,3.86951665170736,0.489192441873831,7.91000906899816,2.57370145121063e-15,4.07444170015035e-14,"ENSG00000229056","lncRNA","HECW2-AS1"
"9367",23.2743035966854,-8.090162520133,1.62441522049874,-4.98035380242811,6.34681337553309e-07,3.25780455651903e-06,"ENSG00000235576","lncRNA","LINC01871"
"9368",448.856978113589,3.22369007009901,0.386249663195625,8.34613043653659,7.05359042699996e-17,1.31485917731973e-15,"ENSG00000222041","lncRNA","CYTOR"
"9369",84.0590302369558,-9.95258664122077,1.6047125252663,-6.20209943184006,5.57148565896029e-10,4.52729977735836e-09,"ENSG00000235026","lncRNA","DPP10-AS1"
"9377",233.624174555579,-5.70842810347239,0.495437955991489,-11.5219838012783,1.0222984437229e-30,6.00244472304895e-29,"ENSG00000234690","lncRNA","EPCAM-DT"
"9384",96.2838393775807,2.71832647220652,0.481750686126903,5.64260010517236,1.67501086285368e-08,1.08918755430095e-07,"ENSG00000272994","lncRNA","C2orf49-DT"
"9385",14.3737822482525,-7.40579264377581,1.70156944292758,-4.35233053494074,1.34697980907041e-05,5.50400749761246e-05,"ENSG00000287115","lncRNA","LINC02993"
"9386",58.508415211957,-1.42589703048012,0.465966774161742,-3.06008305644809,0.00221275618344764,0.00576028597339176,"ENSG00000224152","lncRNA","BAZ2B-AS1"
"9411",32.8822953979824,1.98742755108225,0.563062445795776,3.52967520018746,0.000416070118786974,0.00128221099279817,"ENSG00000237877","lncRNA","LINC01473"
"9419",7.505471511487,-6.47394931597401,1.9877698500712,-3.25689078931454,0.00112639761465593,0.00314620353407157,"ENSG00000186235","lncRNA","LINC02610"
"9423",9.7213215157154,3.78115990744074,1.17320939327543,3.22291990595498,0.00126891029307148,0.00350556306992975,"ENSG00000227542","lncRNA","MYO1B-AS1"
"9426",5.72400406711851,4.05403490564165,1.56085738910876,2.59731281917849,0.00939563135562691,0.0207548072274349,"ENSG00000237892","lncRNA","KLF7-IT1"
"9458",58.3588850416037,-2.43039859518887,0.474683032941028,-5.12004522287362,3.05462397197801e-07,1.65395408101401e-06,"ENSG00000237638","lncRNA","LINC02245"
"9463",18.0287055879767,-1.96757198821655,0.714242024991567,-2.75476927899865,0.00587335366028383,0.0137293218309557,"ENSG00000232613","lncRNA","LINC02576"
"9473",4.67952314512029,4.73882734135447,1.83004350532899,2.58946157703643,0.00961261496251656,0.0211870346893006,"ENSG00000234281","lncRNA","LANCL1-AS1"
"9478",9.11690501090515,2.04513140502406,1.02203956716896,2.00102957920608,0.0453892023490169,0.0800118375079484,"ENSG00000272716","lncRNA","SLC30A6-DT"
"9511",7.0290618934186,-3.26466436402507,1.2916018599829,-2.52760890578797,0.011484220029326,0.0247247874708881,"ENSG00000230587","lncRNA","LINC02580"
"9515",30.774192843884,3.80419132040503,0.680962946277244,5.58648798910744,2.31707565539759e-08,1.47061647811563e-07,"ENSG00000279873","lncRNA","LINC01126"
"9535",141.040579303611,-2.73218063666759,0.418457730872943,-6.52916754810096,6.61362355159213e-11,6.09079275527335e-10,"ENSG00000257702","lncRNA","LBX2-AS1"
"9660",10.6871048651739,2.20096370126339,1.03662513240606,2.12320117702996,0.0337369973882552,0.0624374500806311,"ENSG00000227110","lncRNA","LMCD1-AS1"
"9664",19.5882659178598,2.08310819499239,0.807921405466236,2.57835499950675,0.00992719533020401,0.0217734867392945,"ENSG00000228242","lncRNA","XPC-AS1"
"9687",27.0305649818153,5.00915464335157,0.965909894177695,5.18594402391539,2.14923361495742e-07,1.19106572556511e-06,"ENSG00000235493","lncRNA","LINC01967"
"9728",7.86279964730483,-5.03847697763221,1.77940351040307,-2.83155391577872,0.00463224232722143,0.0111445311383904,"ENSG00000279727","lncRNA","LINC02033"
"9738",3.50185450370322,4.26376985682721,1.97747832651954,2.15616515217725,0.0310707715701793,0.0582584816795567,"ENSG00000223791","lncRNA","UBE2E1-AS1"
"9826",52.4052306743064,2.06339147569574,0.570206526993098,3.61867389799401,0.000296116491303464,0.000937994317034679,"ENSG00000198590","lncRNA","APRG1"
"9922",6.30635747510584,-4.72713792785726,1.87205617192046,-2.52510474779606,0.0115663808432061,0.0248881974058505,"ENSG00000244383","lncRNA","FAM3D-AS1"
"9944",29.3757853146869,-6.99831300784567,1.78504130414206,-3.9205328143425,8.83534036285058e-05,0.000309888289399489,"ENSG00000241158","lncRNA","ADAMTS9-AS1"
"10033",19.3579411965696,3.0877629946358,0.829380721825003,3.7229741581663,0.000196889680759508,0.00064557454114254,"ENSG00000244513","lncRNA","EOGT-DT"
"10043",8.00949035200509,5.5416245343839,1.63741336216288,3.38437725160854,0.000713399092907827,0.0020899589636545,"ENSG00000243849","lncRNA","CFAP44-AS1"
"10071",24.0918009991536,-5.09705560142717,1.15972202591812,-4.39506665176249,1.10738770371189e-05,4.58763131616635e-05,"ENSG00000241316","lncRNA","SUCLG2-DT"
"10076",62.8624798817221,-2.16484998109119,0.473475245605415,-4.57225589127279,4.82501182521422e-06,2.13523460180533e-05,"ENSG00000273033","lncRNA","LINC02035"
"10151",4.42699141083205,5.68843610673142,2.03742724963037,2.79197017108877,0.00523881853229668,0.0124160400725836,"ENSG00000240175","lncRNA","MAGI1-AS1"
"10205",8.70303918370265,3.02087310554775,1.08326428633111,2.78867598947537,0.00529239839562169,0.0125280887767753,"ENSG00000244124","lncRNA","ATP1B3-AS1"
"10219",3.91569911937209,4.43968377736027,1.94004419845172,2.28844465548951,0.0221116396359575,0.0436229561712862,"ENSG00000241544","lncRNA","LINC02029"
"10349",6.23984438158125,6.18380398589184,1.8378619552023,3.3646727211409,0.000766345017599942,0.00223074450212572,"ENSG00000261758","lncRNA","STAG1-DT"
"10379",8.68580586415748,-5.19542502843559,1.72045874707283,-3.01979052812224,0.0025294956284415,0.00649192113935405,"ENSG00000228221","lncRNA","LINC00578"
"10406",14.6857596248438,-7.42296034481258,1.80144171934804,-4.12056646911621,3.77942008103459e-05,0.000141988445295996,"ENSG00000243832","lncRNA","LINC02000"
"10411",41.4919276827485,-5.8905539929246,1.02599164413746,-5.74132745289241,9.39372436037022e-09,6.34863386773831e-08,"ENSG00000239205","lncRNA","LINC02023"
"10501",3.93440954112632,5.51878452259464,2.13534504448617,2.58449309484905,0.00975222572907111,0.0214505320101801,"ENSG00000243629","lncRNA","LINC00880"
"10510",13.8977501873028,2.86591974412819,0.884006061828676,3.24196842971832,0.00118707171661558,0.00330010917442096,"ENSG00000233885","lncRNA","YEATS2-AS1"
"10514",7.20532380748349,6.39091289993426,1.7565056987832,3.6384242330449,0.000274311302679587,0.000874998036088891,"ENSG00000224855","lncRNA","OPA1-AS1"
"10527",3.2128352175845,4.12719163420367,2.02337978187172,2.039751346327,0.0413750979637165,0.0741665819546693,"ENSG00000241313","lncRNA","WWTR1-AS1"
"10555",35.5087819827091,-3.71802494693049,0.684568126726233,-5.4311978629665,5.59770264166799e-08,3.36915359472885e-07,"ENSG00000240875","lncRNA","LINC00886"
"10599",3.43047590955552,-5.33577381918601,2.32871854421009,-2.29129184909546,0.0219465397165611,0.0433371751703995,"ENSG00000233308","lncRNA","OSTN-AS1"
"10603",13.0573169913627,3.78097361027832,1.44726304360369,2.61249924606911,0.00898828905607408,0.0199579601659165,"ENSG00000244541","lncRNA","LINC01213"
"10604",3.25941848326954,-5.2705585202774,2.42665166053417,-2.17194688714292,0.0298596693179915,0.0563903410998861,"ENSG00000228952","lncRNA","LINC02041"
"10612",13.0743419953386,3.9726670404656,1.05256306081361,3.77427936469176,0.000160470857071434,0.000536461546132197,"ENSG00000163915","lncRNA","IGF2BP2-AS1"
"10646",26.5564250881546,-4.8094545395312,0.929934691824984,-5.17181967917846,2.31825245510409e-07,1.27811577016644e-06,"ENSG00000272989","lncRNA","LINC02012"
"10655",2.65350706710129,4.94862210443392,2.44406922182899,2.02474711445803,0.0428933380501155,0.076391149374337,"ENSG00000224563","lncRNA","LPP-AS1"
"10667",10.3254996078978,4.36209518973657,1.28209025111596,3.40233083118736,0.000668137047634857,0.00197234479835851,"ENSG00000237222","lncRNA","LINC01968"
"10919",97.1028850711833,3.77411141142614,0.537117443761383,7.02660368837846,2.11621333338119e-12,2.37581013639903e-11,"ENSG00000244300","lncRNA","GATA2-AS1"
"10962",29.5940983781883,2.09666795152746,0.692337621254586,3.0283894550293,0.00245861010009985,0.00633101199998879,"ENSG00000240288","lncRNA","GHRLOS"
"10968",25.8935318118493,-1.73848008792427,0.780427369393653,-2.22760010233236,0.0259071938435559,0.0499081547629269,"ENSG00000221883","lncRNA","ARIH2OS"
"10984",9.16268642129204,6.73785781245047,1.65576228412354,4.06933886407315,4.71467335639324e-05,0.000174023971063369,"ENSG00000240549","lncRNA","THOC7-AS1"
"10986",35.203172638303,3.51708729938824,0.684468720688277,5.13841932156021,2.77059097157819e-07,1.50837866451472e-06,"ENSG00000239653","lncRNA","PSMD6-AS2"
"11256",6.89186701283417,3.39483377636224,1.64037145844222,2.069551843816,0.0384943316331224,0.0697302618902259,"ENSG00000232233","lncRNA","LINC02043"
"11259",5.86536839293081,6.09364719510408,1.86313437575392,3.27064288781548,0.00107303318428507,0.00301378409040648,"ENSG00000244578","lncRNA","LINC01391"
"11354",7.63864756464297,4.00003948459831,1.55056468479503,2.57973080634626,0.00988773587966913,0.0217057562128941,"ENSG00000242797","lncRNA","GLYCTK-AS1"
"11431",4.91758728987761,-5.84228797646301,1.99305559488408,-2.93132213243796,0.00337522586870625,0.00841192004584612,"ENSG00000288547","lncRNA","C3orf36"
"11527",6.17673404366219,3.0970248339143,1.31976529585331,2.34664818331345,0.0189431320019454,0.0381425485997788,"ENSG00000230530","lncRNA","LIMD1-AS1"
"11546",55.7832217253083,2.30461606002272,0.584126864349913,3.94540330307796,7.96657768516534e-05,0.000281936039479641,"ENSG00000232354","lncRNA","VIPR1-AS1"
"11593",7.08916570993816,4.26420555982032,1.66380215477401,2.56292825897892,0.0103793492916518,0.0226225757800893,"ENSG00000249786","lncRNA","EAF1-AS1"
"11799",51.5810253339174,-1.33137385980381,0.669834020600027,-1.98761755727365,0.046854003029362,0.0821620413527928,"ENSG00000241288","lncRNA","LINC02614"
"11850",24.2163581460575,-3.81360230320188,1.17189308568441,-3.254223742582,0.00113702688961323,0.00317270857878742,"ENSG00000206417","lncRNA","H1-10-AS1"
"11887",12.4071969256451,7.1742628423821,1.55388989268197,4.61696988710024,3.89383745708843e-06,1.75015165161867e-05,"ENSG00000242094","lncRNA","FOXP1-IT1"
"11904",7.98237694030516,5.53815249912629,1.63275529579738,3.39190600905181,0.000694082454143934,0.00203916486659768,"ENSG00000241211","lncRNA","IQCJ-SCHIP1-AS1"
"11940",4.0328311086724,5.5529130508595,2.10330505090139,2.64008924833788,0.00828841969246988,0.0185968242874177,"ENSG00000239608","lncRNA","RUVBL1-AS1"
"12034",2.69959514261458,4.97591480182572,2.45990141369348,2.02281065986076,0.0430926722259547,0.0767019800921301,"ENSG00000270141","lncRNA","TERC"
"12050",4.44982104158833,3.64730541439641,1.66370166222156,2.1922833265227,0.0283590549299698,0.0539702446496164,"ENSG00000240373","lncRNA","SEC62-AS1"
"12062",6.90096580040984,2.84010536636187,1.34679542887133,2.1087875006689,0.034962927990705,0.0644448803834234,"ENSG00000225578","lncRNA","NCBP2-AS1"
"12125",3.50185450370322,4.26376985682721,1.97747832651954,2.15616515217725,0.0310707715701793,0.0582584816795567,"ENSG00000281691","lncRNA","RBM5-AS1"
"12147",9.28842412898836,-5.32941838910369,1.93410766381911,-2.75549210046568,0.00586039196501457,0.013702475743789,"ENSG00000239445","lncRNA","ST3GAL6-AS1"
"12178",2.50092322933611,-4.86294836997263,2.36930033381093,-2.05248287883823,0.0401227572882056,0.072253475808305,"ENSG00000225764","lncRNA","P3H2-AS1"
"12188",23.3649444657034,-2.1406959305138,0.84798527097674,-2.52444942592938,0.0115879677203146,0.0249269794018726,"ENSG00000243926","lncRNA","TIPARP-AS1"
"12373",5.68149012285302,6.04801630250082,1.87965343615432,3.21762309273074,0.00129257550163829,0.00356104422748914,"ENSG00000232490","lncRNA","OSBPL10-AS1"
"12509",12.8263582840531,4.7113344466607,1.21513160650543,3.87722154656969,0.00010565614153639,0.000365463096582061,"ENSG00000229325","lncRNA","ACAP2-IT1"
"12538",5.23985832292026,-5.95415245751216,2.1480623513606,-2.77187133499209,0.00557350618665964,0.0131121091023605,"ENSG00000243083","lncRNA","LINC00870"
"12540",8.55950490674522,-5.19235271246943,1.70309612395141,-3.04877254985613,0.00229778377437426,0.00595711413363857,"ENSG00000235831","lncRNA","BHLHE40-AS1"
"12543",20.751961797105,-6.47884233192175,1.59998386913319,-4.04931728182468,5.1367264928904e-05,0.000188229407536053,"ENSG00000228956","lncRNA","SATB1-AS1"
"12550",38.2073844935729,3.83961289419339,0.706347741393914,5.43586773083786,5.45303966190389e-08,3.28777181175146e-07,"ENSG00000243069","lncRNA","ARHGEF26-AS1"
"12552",15.6212326256606,-2.31910427876153,0.792503049802864,-2.92630328594749,0.00343016358219051,0.00853279251483233,"ENSG00000223552","lncRNA","CCR5AS"
"12556",46.2427064331734,3.04458270804276,0.611867599820408,4.97588483020899,6.49502580487858e-07,3.32407251150378e-06,"ENSG00000227398","lncRNA","KIF9-AS1"
"12559",43.0124967606066,2.19650257766393,0.79912941649458,2.74861935041636,0.0059846842378,0.013952064585543,"ENSG00000242622","lncRNA","GSK3B-DT"
"12561",5.76554411962902,3.44933761918012,1.46878390962196,2.34843096835662,0.0188526934834493,0.0379894656874801,"ENSG00000240006","lncRNA","LINC02004"
"12568",41.1789698561998,2.06303635431687,0.629884370749202,3.27526201652382,0.00105564015031393,0.00297153039581137,"ENSG00000239523","lncRNA","MYLK-AS1"
"12574",8.27873240755624,-6.60593988859153,1.9127357827677,-3.45366043136017,0.000553033249510665,0.00166232512875379,"ENSG00000241163","lncRNA","LINC00877"
"12579",85.1652416387231,-2.49607867029435,0.442791827655018,-5.63713807346746,1.72899481625045e-08,1.12245520716273e-07,"ENSG00000223797","lncRNA","ENTPD3-AS1"
"12580",65.7886267815414,-1.87545401308831,0.598554868896345,-3.13330341217739,0.00172850663017594,0.00462602827429816,"ENSG00000229619","lncRNA","MBNL1-AS1"
"12583",8.11083821271374,2.84401125534044,1.09439123224242,2.59871531455259,0.00935733407423114,0.0206784154851459,"ENSG00000241135","lncRNA","LINC00881"
"12584",41.3135164468686,1.000382886054,0.509899013385845,1.96192355700246,0.0497713847490878,0.0865255424418679,"ENSG00000270194","lncRNA","GOLGA4-AS1"
"12588",14.9491123881674,5.00846626010031,1.29303036909471,3.87343281318821,0.000107313000630668,0.000370549394609445,"ENSG00000241472","lncRNA","PTPRG-AS1"
"12593",408.519154660783,1.07836646031225,0.382585385670823,2.81862951566079,0.00482291494605551,0.0115513378540164,"ENSG00000206573","lncRNA","THUMPD3-AS1"
"12594",10.8625616753425,2.68707597170253,0.975025690174825,2.75590274059418,0.00585303982236207,0.0136864351618349,"ENSG00000243224","lncRNA","TWF2-DT"
"12600",82.341585699181,6.01893669325759,0.687867445103484,8.7501403593131,2.13087544164144e-18,4.61512797014187e-17,"ENSG00000230084","lncRNA","ZBTB47-AS1"
"12602",15.0691062712361,-2.7440872182987,0.876347398680458,-3.13127787271412,0.00174047394495225,0.00465447586835457,"ENSG00000233058","lncRNA","ATP13A3-DT"
"12616",6.59820612583974,-6.28753089164113,1.88233557745998,-3.3402815985264,0.000836934799659188,0.00241150558125219,"ENSG00000272282","lncRNA","LINC02084"
"12630",26.5262157808323,5.02147726973509,0.926734822500871,5.41846183807382,6.01139667516391e-08,3.60800476313321e-07,"ENSG00000287110","lncRNA","ACAD9-DT"
"12631",8.18762768324064,3.63197272313147,1.26000446973162,2.8825078088057,0.00394523357162066,0.00966377359019315,"ENSG00000236869","lncRNA","ZKSCAN7-AS1"
"12685",68.3688104297146,1.06431302639577,0.45612674573819,2.33337123143985,0.0196286698252738,0.0393662542269363,"ENSG00000256628","lncRNA","ZBTB11-AS1"
"12690",11.3893840077101,7.05202020894147,1.58899712957283,4.43803206292592,9.07850980973232e-06,3.82476546343718e-05,"ENSG00000231310","lncRNA","TBL1XR1-AS1"
"12693",23.0463524735705,-8.07695584758598,1.6182839220372,-4.99106228369258,6.00481294072116e-07,3.09596052154892e-06,"ENSG00000203645","lncRNA","LINC00501"
"12806",4.95315174194604,-4.40360998045559,1.96851917781618,-2.2370165503497,0.0252852583621383,0.0488860038538848,"ENSG00000242759","lncRNA","LINC00882"
"12824",82.6128806239931,2.37438276612529,0.549625854459657,4.31999831678145,1.56030390889497e-05,6.29527661473702e-05,"ENSG00000243701","lncRNA","DUBR"
"12835",17.0924757687797,-2.77245141430345,1.07688531247913,-2.57450945070549,0.0100382344110427,0.0219702816839989,"ENSG00000271856","lncRNA","LINC01215"
"12838",26.3896121018252,-8.27209680053795,1.97848226092368,-4.18103157350323,2.90189561429569e-05,0.000111643152946452,"ENSG00000251292","lncRNA","ERVH-1"
"12866",5.91460178569116,4.1063412769783,1.58605668713103,2.58902554385123,0.00962479545795909,0.0212088426279065,"ENSG00000249252","lncRNA","C1QTNF7-AS1"
"12993",25.3455650229079,-2.95612362840745,0.745327446003432,-3.96620793217621,7.30251619934481e-05,0.000260292428719218,"ENSG00000263327","lncRNA","TAPT1-AS1"
"13009",14.5840807972617,-7.41156393688782,1.9022711108358,-3.89616595377481,9.77274386080591e-05,0.000340109083894072,"ENSG00000261761","lncRNA","LINC02616"
"13081",21.6896773873409,5.53610613170713,1.10171674019329,5.02498140378248,5.03481320830378e-07,2.63539376340611e-06,"ENSG00000248256","lncRNA","OCIAD1-AS1"
"13084",5.73025410153564,3.06633477235523,1.4404509398349,2.12873252920831,0.0332763959151444,0.0617122259421859,"ENSG00000250220","lncRNA","ANKRD17-DT"
"13095",3.77494168292469,-5.45794471209822,2.20022997391205,-2.48062465142855,0.0131152397964381,0.0277152800891927,"ENSG00000249699","lncRNA","LINC02261"
"13117",3.39573959590731,5.30514249100086,2.22528866772092,2.38402440454355,0.0171244667027053,0.0349765912815933,"ENSG00000251350","lncRNA","LINC02475"
"13195",10.9522809472842,5.06419904614755,1.37134335483797,3.69287460232445,0.00022173337389046,0.00072041344019909,"ENSG00000251175","lncRNA","GSTCD-AS1"
"13243",71.3475992072377,5.65677537789076,0.726363018874895,7.78780751620982,6.81819444398989e-15,1.02405380232424e-13,"ENSG00000233860","lncRNA","SHROOM3-AS1"
"13252",4.26279745426348,5.6340756540949,2.06668330863055,2.72614368663393,0.0064079096451883,0.0148084807220157,"ENSG00000251577","lncRNA","TACR3-AS1"
"13291",17.7618227227679,3.66890305321091,0.908679011686804,4.03762275349601,5.39955920527478e-05,0.000197321287967216,"ENSG00000249717","lncRNA","PARM1-AS1"
"13368",2.61413844008286,4.92798320006537,2.44157442514369,2.01836288475021,0.0435534818576041,0.0773046526517207,"ENSG00000224932","lncRNA","LINC02262"
"13414",18.6249803962065,5.9160668288602,1.31397871383774,4.50240690093154,6.71881894465046e-06,2.9044959622331e-05,"ENSG00000250033","lncRNA","SLC7A11-AS1"
"13620",4.59284734867451,-5.7439105074844,2.70097429176602,-2.12660687848635,0.0334527605046422,0.0619856043678227,"ENSG00000251061","lncRNA","LINC02512"
"13681",26.1764719884735,4.95876653540929,0.974507449938053,5.0884849938546,3.60935335966031e-07,1.93065372578716e-06,"ENSG00000245112","lncRNA","SMARCA5-AS1"
"13766",12.6760910551783,2.54459477687145,1.13252093883745,2.2468412632472,0.0246501736192348,0.0478709777403477,"ENSG00000232648","lncRNA","ING2-DT"
"13882",36.8253946498703,3.37384982384065,0.626151360420814,5.38823363982346,7.11535163184613e-08,4.23225798815793e-07,"ENSG00000248429","lncRNA","GASK1B-AS1"
"13895",5.576965178635,-6.04267751808624,1.93477226243346,-3.12319833988423,0.00178897147027243,0.00476311728586549,"ENSG00000271474","lncRNA","UNC5C-AS1"
"14117",7.65133433553231,4.58630359753245,1.57755794244016,2.90721720841415,0.00364659892314527,0.00900838759364956,"ENSG00000250302","lncRNA","LINC01618"
"14145",7.07164601822038,-6.38615929133328,1.86875325606697,-3.4173368103041,0.000632369928289179,0.00187627798232581,"ENSG00000250486","lncRNA","FAM218A"
"14228",10.2338519409895,3.46608877177747,1.22032379999646,2.84030252608981,0.00450707683313988,0.0108838572965827,"ENSG00000249502","lncRNA","MED28-DT"
"14411",9.15813839828927,5.74185561342506,1.57929810908548,3.63570093599997,0.000277225804427654,0.000883383485576601,"ENSG00000260278","lncRNA","BMP2K-DT"
"14430",4.36339044730163,4.6355103783017,1.86273701495686,2.48854794910975,0.0128265939737746,0.027196170721021,"ENSG00000251586","lncRNA","TET2-AS1"
"14588",35.7041535379002,-1.60966917724084,0.551854304676758,-2.91683722243262,0.0035360025563102,0.00876005760589899,"ENSG00000281501","lncRNA","SEPSECS-AS1"
"14625",3.00829874224251,5.13194590046348,2.35815734684918,2.17625253349632,0.0295363826985096,0.0559316232484331,"ENSG00000250582","lncRNA","SMAD1-AS2"
"14673",1396.30953276581,12.151588819515,1.0827807177095,11.22257592952,3.15931584963905e-29,1.66844249357314e-27,"ENSG00000272620","lncRNA","AFAP1-AS1"
"14733",5.01799484808385,5.86762130080819,1.98731434788856,2.95253808590589,0.00315173187866972,0.00791302209429471,"ENSG00000245928","lncRNA","SDAD1-AS1"
"14806",3.4418276714206,5.32643274623832,2.27437108744223,2.34193653605949,0.0191839767033521,0.0385494047386998,"ENSG00000248221","lncRNA","STX18-IT1"
"14814",16.458801393386,-1.62447551580944,0.808028969393704,-2.01041741984615,0.0443870283166042,0.078598675642897,"ENSG00000251580","lncRNA","LINC02482"
"14914",5.44458530468259,3.34715626410624,1.38105752821704,2.42361827492259,0.0153667484453592,0.0318089978417844,"ENSG00000250410","lncRNA","LRP2BP-AS1"
"14924",17.9000146346787,1.76895704470514,0.840404677749439,2.10488719487178,0.0353011286076255,0.0649821886552567,"ENSG00000255458","lncRNA","SMIM14-DT"
"14926",6.81528271432588,3.62921777532657,1.42806706287066,2.54134968145769,0.0110425417744842,0.0238958852442011,"ENSG00000228358","lncRNA","LINC02263"
"14948",3.03139717961831,-5.16805324787983,2.34468161498869,-2.2041599229688,0.0275130991646742,0.0526266022578727,"ENSG00000261121","lncRNA","LINC02473"
"14968",79.8143788246986,2.41827934476104,0.481790688772433,5.01935674789116,5.18447901989975e-07,2.70559226706976e-06,"ENSG00000249592","lncRNA","PCGF3-AS1"
"14990",16.3524305074092,-6.14398226480609,1.60195612144402,-3.83529997018136,0.000125411138093024,0.000428049716000362,"ENSG00000180712","lncRNA","LINC02363"
"14991",98.1156067869511,-4.5279550393077,0.673088587192178,-6.72713090886934,1.73041052481202e-11,1.72922999339473e-10,"ENSG00000249096","lncRNA","LINC02362"
"14995",40.5289159200862,-2.61682159257916,0.558250183742678,-4.68754273403942,2.76504975632358e-06,1.27323129993782e-05,"ENSG00000271646","lncRNA","IRF2-DT"
"15124",31.8557524786842,2.56146871666674,0.781195364261107,3.27890926374032,0.00104209136533426,0.00293874199904932,"ENSG00000280927","lncRNA","CTBP1-AS"
"15133",23.5519298600475,-8.11003042929501,1.62470245098389,-4.99170197249576,5.98495540703725e-07,3.08801064021605e-06,"ENSG00000216560","lncRNA","LINC00955"
"15273",58.3300078012118,-9.42498246549116,1.57363901622107,-5.98929129764734,2.10757387438037e-09,1.561658373213e-08,"ENSG00000250266","lncRNA","LINC01612"
"15275",3.74778675256791,-5.47287618721134,2.67205877777229,-2.04818705065093,0.0405416747947563,0.0728650533556903,"ENSG00000248174","lncRNA","LINC02268"
"15277",2.44645063384065,-4.85417514398884,2.39118713615792,-2.0300272908746,0.0423537653047413,0.0757283175989873,"ENSG00000248810","lncRNA","LINC02432"
"15293",19.7157378681219,-2.19373261009097,0.860699465685112,-2.54877886829496,0.0108100820805711,0.0234420597151608,"ENSG00000231160","lncRNA","KLF3-AS1"
"15299",86.1061019010941,5.78122136321996,2.50503660125837,2.30783907920381,0.0210080884696434,0.0416821922149173,"ENSG00000177822","lncRNA","TENM3-AS1"
"15300",100.54080129257,1.02578980089428,0.45943104961572,2.23273938875544,0.0255661353513235,0.0493399287818241,"ENSG00000247708","lncRNA","STX18-AS1"
"15302",23.2850714895401,-3.59709421132423,0.89995305133875,-3.99697984908576,6.41557599343064e-05,0.000231045413396957,"ENSG00000248890","lncRNA","HHIP-AS1"
"15304",297.592673757059,1.94813890475443,0.297480644687131,6.54879213000007,5.80043016690272e-11,5.38285335028575e-10,"ENSG00000249673","lncRNA","NOP14-AS1"
"15305",5.55380492964856,3.00307833472258,1.4099169202297,2.1299682921979,0.0331742312219737,0.061563781365523,"ENSG00000246375","lncRNA","PPM1K-DT"
"15313",21.0024119327461,-1.53302561555914,0.712577337594554,-2.15138137950637,0.0314461096824646,0.0588670665616919,"ENSG00000196951","lncRNA","SCOC-AS1"
"15314",45.63853246603,1.32810480642657,0.616822790106909,2.15313835306958,0.0313078068263492,0.0586436648125,"ENSG00000245293","lncRNA","CYP2U1-AS1"
"15317",12.4114181835221,-2.63933533936769,1.01376853992185,-2.60348909581585,0.00922802030524998,0.020431585768927,"ENSG00000245468","lncRNA","LINC02447"
"15322",2.65350706710129,4.94862210443392,2.44406922182899,2.02474711445803,0.0428933380501155,0.076391149374337,"ENSG00000249532","lncRNA","MIR302CHG"
"15335",5.30918555969466,4.93086194503218,1.77667188185505,2.77533628769078,0.00551446547673739,0.0130006851912815,"ENSG00000250930","lncRNA","LNX1-AS1"
"15375",21.2297260705063,-7.96963078636561,1.61442651142363,-4.93650886551527,7.95334236266328e-07,4.00850183439481e-06,"ENSG00000237125","lncRNA","HAND2-AS1"
"15493",12.5930709387776,2.74646686659802,1.23442332662216,2.22489870967797,0.0260880386713119,0.0501939996032687,"ENSG00000271119","lncRNA","LINC03067"
"15508",2.40923496235078,-4.8156556981281,2.35537504468992,-2.04453881303734,0.0409003471366529,0.0734290776132233,"ENSG00000250490","lncRNA","LINC02145"
"15915",19.5686212858478,1.60010739744818,0.797620190536153,2.0061019222352,0.0448453748246658,0.0792791479861065,"ENSG00000248727","lncRNA","LINC01948"
"16083",16.9891197470609,1.76432912446437,0.828076756637436,2.13063476341102,0.0331192433109928,0.0614725020979412,"ENSG00000246859","lncRNA","STARD4-AS1"
"16144",2.738963769633,4.99594168088975,2.40834601191882,2.07442853151707,0.0380395298146312,0.0690439840496709,"ENSG00000249899","lncRNA","ITGA2-AS1"
"16189",2.77833239665143,5.01563079857636,2.38919765095939,2.09929504851234,0.0357908996476588,0.0656839121723701,"ENSG00000254106","lncRNA","LINC01848"
"16203",13.9999106651621,-3.90099567879984,1.12706291052734,-3.46120490911604,0.000537763320923331,0.00161975010656031,"ENSG00000278921","lncRNA","EPB41L4A-DT"
"16243",57.6680371308768,2.33936249485878,0.471179657129662,4.96490555027299,6.87345123434424e-07,3.50549791649321e-06,"ENSG00000249249","lncRNA","TICAM2-AS1"
"16272",7.55844853480988,4.57030335729442,1.47639894448486,3.09557479322708,0.0019643182549218,0.00517404328532355,"ENSG00000223442","lncRNA","TH2LCRR"
"16275",56.4368437448502,-7.00392144627734,3.4602975041139,-2.02408071501091,0.042961847529221,0.0764935818940406,"ENSG00000287148","lncRNA","LINCADL"
"16290",15.391624913534,-1.70758490636143,0.805035106694171,-2.12113098194379,0.0339107813563005,0.0627132006064986,"ENSG00000248211","lncRNA","TRPC7-AS1"
"16413",21.3894968036385,-5.51061334844904,1.21864711939369,-4.52191061772725,6.12839386978906e-06,2.6649895279703e-05,"ENSG00000249279","lncRNA","LINC02057"
"16502",3.83204592136252,-5.5077156339646,2.24132361187417,-2.45734957896558,0.013996641243401,0.0293571876136176,"ENSG00000244968","lncRNA","LIFR-AS1"
"16524",10.1348852956891,6.88387148969268,1.64111994895188,4.19461812897293,2.73331677135598e-05,0.000105566110274227,"ENSG00000251026","lncRNA","NIHCOLE"
"16532",58.9756167503528,-2.05253262040279,0.446554689643417,-4.59637457181735,4.2990556539146e-06,1.92111460989238e-05,"ENSG00000245060","lncRNA","LINC00847"
"16533",12.2266102819163,-4.07008116099237,1.13985445851571,-3.57070249678395,0.000356025091034944,0.00111219377130919,"ENSG00000249167","lncRNA","SEMA6A-AS2"
"16580",6.87693589434633,6.32381028428404,1.78190677298152,3.54890075068457,0.000386842856929256,0.00119998033339257,"ENSG00000164621","lncRNA","SMAD5-AS1"
"16629",21.1424332836578,-4.89354235983917,1.0794282220037,-4.53345786230741,5.80258461731743e-06,2.53798102285968e-05,"ENSG00000253522","lncRNA","MIR3142HG"
"16669",20.1365226884823,-7.88748115498282,1.59422727131509,-4.94752617578569,7.51625990393345e-07,3.80821098464176e-06,"ENSG00000254042","lncRNA","SLIT3-AS2"
"16737",4.85328686856726,-5.84729550309005,2.22570722499961,-2.62716292485013,0.00861000983422106,0.0192207574954846,"ENSG00000253686","lncRNA","LINC01484"
"16774",28.7815222977856,1.41805929202612,0.598978257370061,2.36746371771891,0.0179104760592921,0.0363525714123511,"ENSG00000249042","lncRNA","FAM151B-DT"
"16808",4.01629211241025,3.47754939165044,1.69833921962016,2.04761766758717,0.0405974768156043,0.0729417932379009,"ENSG00000251370","lncRNA","SEMA5A-AS1"
"17086",481.531047826775,3.12168233735985,0.389281290944044,8.01909161827295,1.06530028544704e-15,1.75746130671467e-14,"ENSG00000281398","lncRNA","SNHG4"
"17355",6.54182853271432,6.25058396851939,1.81962367398718,3.43509707961924,0.000592341589032974,0.00176787761548276,"ENSG00000245711","lncRNA","NADK2-AS1"
"17434",162.958197371217,1.32605394683467,0.598180106339556,2.21681385385615,0.0266358144190366,0.0511277571623013,"ENSG00000285967","lncRNA","NIPBL-DT"
"17458",96.7277954825768,-2.51361188678077,0.527178350328408,-4.76804839427663,1.86019105631815e-06,8.82259326659686e-06,"ENSG00000197536","lncRNA","IRF1-AS1"
"17623",12.3829645891331,6.18497049148523,1.52027612828903,4.06832046915451,4.73532252660745e-05,0.000174670326359194,"ENSG00000246422","lncRNA","DIAPH1-AS1"
"17629",60.2840125861233,-1.09161812734136,0.439240600615991,-2.4852395835232,0.0129464271137912,0.0274113770952804,"ENSG00000221990","lncRNA","EXOC3-AS1"
"17755",15.3589802995708,-5.02643778004671,1.28893544206509,-3.89968156356498,9.63192849074721e-05,0.000335502129944913,"ENSG00000250159","lncRNA","PKD2L2-DT"
"17776",6.64508357685593,2.85715459353574,1.18698307291762,2.40707273652421,0.0160809666959764,0.0330734099996837,"ENSG00000204758","lncRNA","RPL26L1-AS1"
"17830",20.9474448585349,5.48474932066699,1.10786874788758,4.95072122137661,7.39389556775102e-07,3.75167743930863e-06,"ENSG00000249306","lncRNA","LINC01411"
"17832",4.94737386317676,-5.85860377857156,1.95759633315216,-2.99275375589712,0.00276472721236012,0.00703273220429527,"ENSG00000249740","lncRNA","OSMR-DT"
"17838",17.6957382342178,-6.24638877076156,1.61817090867773,-3.86015391653884,0.000113315626531572,0.000389825364894953,"ENSG00000250320","lncRNA","EDIL3-DT"
"17839",94.1681752216123,-10.1116934405345,1.53162797900112,-6.60192525807023,4.05852131518643e-11,3.84585314003927e-10,"ENSG00000248663","lncRNA","LINC00992"
"17859",59.5359398897813,5.53629570264431,0.705717109685158,7.84492203273097,4.33222561962635e-15,6.6650177567618e-14,"ENSG00000246334","lncRNA","PRR7-AS1"
"17940",22.3978004361741,1.66099922425984,0.6354248819858,2.61399776960097,0.00894896207199112,0.0198785698253006,"ENSG00000270177","lncRNA","PPP2CA-DT"
"17960",5.26764550718415,5.93835377093398,1.92877802396448,3.07881658602066,0.00207824586575533,0.00543576386470726,"ENSG00000253298","lncRNA","LINC01845"
"18111",28.2142265172928,2.58831321043479,0.922589568347902,2.80548718437141,0.00502405792083476,0.0119661579798675,"ENSG00000250802","lncRNA","ZBED3-AS1"
"18143",5.33536567971661,3.7931447553499,1.77996920451013,2.13101706801373,0.033087736088421,0.0614278422438027,"ENSG00000251221","lncRNA","LINC01337"
"18172",21.8518014115252,2.96411260731478,0.815118373659363,3.6364198171706,0.000276453643694334,0.000881225673766695,"ENSG00000224186","lncRNA","PITX1-AS1"
"18174",14.7468382233594,-3.28486290941902,1.10215467463886,-2.98040101358312,0.00287871258483774,0.00729534237375879,"ENSG00000249082","lncRNA","EPIST"
"18216",9.57175937197601,4.75270117567098,1.52475015291124,3.117036038066,0.00182679239412264,0.0048480460685446,"ENSG00000248846","lncRNA","LINC02065"
"18222",19.5530389786002,4.88485431766224,1.05453804877281,4.6322219699392,3.6176198124541e-06,1.63550969786241e-05,"ENSG00000251279","lncRNA","SMIM15-AS1"
"18224",11.5308621537076,-7.08935873159142,1.93789074383149,-3.65828607941784,0.000253907542327032,0.00081505199659788,"ENSG00000245812","lncRNA","LINC02202"
"18270",8.32062961918424,4.04040414576435,1.34594225783306,3.00191492038397,0.00268287146033977,0.00684076918119249,"ENSG00000246214","lncRNA","RETREG1-AS1"
"18272",147.468045026725,-1.68522829142196,0.351995868113316,-4.78763657214136,1.68756893085868e-06,8.06157413572399e-06,"ENSG00000245556","lncRNA","SCAMP1-AS1"
"18276",173.263277152047,-3.65632088458061,0.594374649926484,-6.15154244050086,7.67329861456004e-10,6.11031684525953e-09,"ENSG00000251169","lncRNA","LINC01843"
"18280",89.3891619818205,-2.82287034738672,0.429264284907552,-6.57606618261908,4.83057604422973e-11,4.53728524761923e-10,"ENSG00000272086","lncRNA","GOLPH3-DT"
"18287",64.7148698043618,2.20181569049673,0.560988071819125,3.92488860477347,8.67698812197022e-05,0.000304910677301204,"ENSG00000245275","lncRNA","SAP30L-AS1"
"18291",25.4725590870215,2.01335403279919,0.685065967733996,2.93891994001512,0.00329358138780076,0.00822981357549675,"ENSG00000249572","lncRNA","TARS1-DT"
"18293",183.896755602362,-11.0802176515986,1.70039174072208,-6.51627350700569,7.207550415923e-11,6.59412674640213e-10,"ENSG00000249669","lncRNA","CARMN"
"18298",51.8370470245383,2.78811929490013,0.526472888506576,5.29584591299482,1.18466704132264e-07,6.82335853208822e-07,"ENSG00000215068","lncRNA","ANXA2R-AS1"
"18304",5.68149012285302,6.04801630250082,1.87965343615432,3.21762309273074,0.00129257550163829,0.00356104422748914,"ENSG00000250072","lncRNA","SH3TC2-DT"
"18309",381.473932718305,-1.74988301975593,0.343720692057292,-5.09100284094696,3.56174689745526e-07,1.90628803659764e-06,"ENSG00000250786","lncRNA","SNHG18"
"18313",119.420288546825,1.63362035791863,0.568701349557291,2.87254524574336,0.00407179767802242,0.00993444386578785,"ENSG00000237187","lncRNA","NR2F1-AS1"
"18314",118.052430445244,-1.66018224567527,0.493357651768702,-3.36506840366916,0.00076524684891865,0.00222824702367179,"ENSG00000278970","lncRNA","HEIH"
"18315",76.6463530116448,1.00595920090527,0.411268729066207,2.44599000558423,0.0144455004824058,0.0301193230390947,"ENSG00000177738","lncRNA","ANXA2R-OT1"
"18317",9.40996048288165,4.91591414396397,1.50701457070347,3.26202164168143,0.00110620697989218,0.00309531470844703,"ENSG00000245864","lncRNA","MEF2C-AS2"
"18321",199.990984216744,-2.69263288624815,0.569429053174135,-4.7286538529054,2.26013327060361e-06,1.05675934736132e-05,"ENSG00000247516","lncRNA","MIR4458HG"
"18322",4.44164443519488,3.10225897283586,1.56668545997419,1.9801415485703,0.0476876256248963,0.0833403019633588,"ENSG00000248925","lncRNA","PDCD6-DT"
"18330",32.1318770240165,-4.44188410298244,1.02231432300983,-4.34492993300234,1.39320125410059e-05,5.67704013219231e-05,"ENSG00000272523","lncRNA","LINC01023"
"18335",15.581646888426,-2.31805239506853,1.01173219889219,-2.29117191051812,0.0219534728831116,0.0433477902667528,"ENSG00000259663","lncRNA","ISL1-DT"
"18341",19.0833449681894,-2.60853400938736,1.02663216978532,-2.54086525452716,0.0110578526244406,0.0239197183577495,"ENSG00000250155","lncRNA","SLC1A3-AS1"
"18366",146.864265675785,-2.38060470499938,0.540123355092988,-4.40752039798304,1.04560756311405e-05,4.3576376293841e-05,"ENSG00000248275","lncRNA","TRIM52-AS1"
"18403",32.179508322047,1.80101859611663,0.803749418907291,2.24077125749607,0.0250408956568219,0.0484977847616569,"ENSG00000259802","lncRNA","MARCHF6-DT"
"18452",13.978895907189,-2.43312441546059,0.864176951407133,-2.81553958538093,0.00486953974336514,0.0116507553259143,"ENSG00000246763","lncRNA","RGMB-AS1"
"18457",34.1986985452596,1.89666418951344,0.64526671152475,2.93934919567083,0.00328902283421296,0.00821989893130216,"ENSG00000248489","lncRNA","CHD1-DT"
"18478",3.53455346476182,-5.38646781798509,2.19627321817177,-2.45254906057131,0.0141848034858933,0.0296825011891652,"ENSG00000261730","lncRNA","FOXF2-DT"
"18517",7.46528611430939,-3.34805151504073,1.25153612058255,-2.67515372507373,0.00746949914568736,0.0169521023178362,"ENSG00000228412","lncRNA","LNC-LBCS"
"18630",11.4090683212193,7.05441665866977,1.58410575912878,4.45324853976262,8.45807519796393e-06,3.57908911106179e-05,"ENSG00000224707","lncRNA","E2F3-IT1"
"18664",17.7961009905994,3.89840836219737,0.921019897746271,4.23270807909443,2.30894122170292e-05,9.01517159669106e-05,"ENSG00000227214","lncRNA","HCG15"
"18822",4.24311314075426,5.627675038788,2.07940274761872,2.70639011381161,0.00680190891700002,0.0156217137373352,"ENSG00000226533","lncRNA","BTBD9-AS1"
"18867",3.29059857986638,5.25886520858015,2.27583159694317,2.31074443980991,0.0208469750236261,0.0414186294890447,"ENSG00000261080","lncRNA","RUNX2-AS1"
"19135",3.18512750136239,-5.24021477537318,2.42714024094192,-2.15900782615659,0.0308495597778056,0.0579530272140471,"ENSG00000235033","lncRNA","DAAM2-AS1"
"19201",20.5181366314667,2.42352834431745,0.733122422768359,3.30576213337728,0.000947184595542339,0.00269430646755303,"ENSG00000272841","lncRNA","MAP3K4-AS1"
"19279",11.784048787547,4.63612583385706,1.23312235872413,3.75966407636457,0.00017014166129162,0.00056533101425586,"ENSG00000283122","lncRNA","HYMAI"
"19303",7.80880884360603,4.6178383833506,1.61327052059655,2.86240796220774,0.00420435350343244,0.0102148723137519,"ENSG00000220908","lncRNA","LINC02531"
"19360",4.16725696190534,4.56417145041591,1.89388600823072,2.40995045666967,0.0159546869197136,0.0328744274570629,"ENSG00000227945","lncRNA","PTPRK-AS1"
"19385",3.12737851505278,4.08221081032365,2.08212616262861,1.96059724122096,0.0499260244603527,0.0867618599285717,"ENSG00000229276","lncRNA","REV3L-IT1"
"19412",10.4706841350553,-5.49988649598669,1.77442498696615,-3.09953169978191,0.001938268352486,0.00511413979124364,"ENSG00000233237","lncRNA","LINC00472"
"19484",11.5747406472201,4.11862272224178,1.10626452137377,3.72299991789238,0.000196869585982086,0.00064557454114254,"ENSG00000235740","lncRNA","PHACTR2-AS1"
"19865",30.3396768804387,-1.615439718925,0.597006915347747,-2.7058978336692,0.00681199996866624,0.0156410173358593,"ENSG00000244041","lncRNA","LINC01011"
"19908",29.6739981023628,2.3865631485805,0.711075906824062,3.35627058331903,0.000790012345218821,0.00229029516456094,"ENSG00000214922","lncRNA","HLA-F-AS1"
"19971",10.7652573599594,6.96996720946918,1.59151137265374,4.3794642810797,1.18971419380672e-05,4.90024207900472e-05,"ENSG00000229154","lncRNA","KCNQ5-AS1"
"19976",10.0608673363186,-6.88857837419732,1.74157777037077,-3.95536650237031,7.64174107599696e-05,0.000271341280793661,"ENSG00000229852","lncRNA","KHDC1-AS1"
"20042",15.2152246964801,-3.68990913608705,1.25255889326824,-2.94589672063973,0.00322019902279864,0.00806310022523697,"ENSG00000204528","lncRNA","PSORS1C3"
"20101",16.6245390231915,2.06975347651932,0.738461087770534,2.8027928766945,0.00506621938475124,0.0120521370798369,"ENSG00000279968","lncRNA","CCDC28A-AS1"
"20268",16.6006996864568,-2.87965554630391,0.921930864922439,-3.12350486990819,0.00178710907811835,0.00475861392586222,"ENSG00000237080","lncRNA","EHMT2-AS1"
"20274",3.55993355247588,5.37309660540453,2.19144249675938,2.45185379646057,0.0142122394473322,0.0297131036702751,"ENSG00000268257","lncRNA","AIRN"
"20340",3.66507456851682,5.41592873619432,2.16978411940959,2.49606801328605,0.0125578521000094,0.0267097884444297,"ENSG00000236324","lncRNA","SNX9-AS1"
"20376",180.394619444078,-5.98688313056534,0.664643857628305,-9.00765584734169,2.10507775141009e-19,4.98183834179372e-18,"ENSG00000204261","lncRNA","PSMB8-AS1"
"20411",3.04094792076608,5.1440238983652,2.44253459827828,2.10601884697608,0.0352027152540372,0.0648439187395003,"ENSG00000224164","lncRNA","LINC02828"
"20416",95.3163484895261,-1.00699496520087,0.370688568512458,-2.71655252073689,0.00659657280162575,0.0151981516353727,"ENSG00000228223","lncRNA","HCG11"
"20588",891.42050076247,-4.36655011306619,0.299462400204381,-14.5812967173377,3.69432248801698e-48,5.94316122335264e-46,"ENSG00000206337","lncRNA","HCP5"
"20629",4.51114964228598,-5.7348114984889,1.97916797512242,-2.89758705202077,0.00376045361659295,0.0092584204355448,"ENSG00000272549","lncRNA","LINC02538"
"20630",20.1370892355355,-4.03750721927299,0.991064720077813,-4.07390873419043,4.62306043998198e-05,0.000170823679109318,"ENSG00000203688","lncRNA","LINC02487"
"20751",478.999584672814,4.00924558155005,0.492497834604233,8.14063595786536,3.93207014814261e-16,6.81403762720779e-15,"ENSG00000203875","lncRNA","SNHG5"
"20799",225.259535138554,-3.11813561959682,0.891836156115345,-3.49630994237639,0.000471740411975229,0.00143627692874769,"ENSG00000234155","lncRNA","LINC02535"
"20879",3.3387174620339,-5.28863232928534,2.12951550165531,-2.48349088098884,0.0130101665450253,0.0275287725320915,"ENSG00000223534","lncRNA","HLA-DQB1-AS1"
"21024",55.0506945735386,-1.02403453614343,0.464757984072113,-2.2033715852949,0.0275685692302316,0.0527109680026501,"ENSG00000272462","lncRNA","LINC02980"
"21025",66.1329318882479,3.45401655210335,0.500904837950313,6.89555438561359,5.36551411422565e-12,5.73895554623421e-11,"ENSG00000228624","lncRNA","HDAC2-AS2"
"21037",7.42954459633469,5.41497078345186,1.65291172522254,3.27601934260754,0.00105281350143682,0.00296537319689183,"ENSG00000214894","lncRNA","LINC00243"
"21105",9.43018987414511,2.80523846141552,1.22995354557728,2.28076781558354,0.0225621898138837,0.0443640175717251,"ENSG00000249379","lncRNA","GCLC-AS1"
"21260",66.2519825209136,-1.13504561627745,0.566144827538895,-2.0048679437939,0.0449771665271248,0.0794213261605489,"ENSG00000269293","lncRNA","ZSCAN16-AS1"
"21289",10.886908089805,-5.53318570005656,1.70269392209856,-3.24966550255664,0.00115540824563736,0.00321948006451074,"ENSG00000225914","lncRNA","TSBP1-AS1"
"21292",59.2408903566449,-4.03407001973333,1.06324813690599,-3.79410024782391,0.000148179801654613,0.000498608639807706,"ENSG00000230943","lncRNA","LINC02541"
"21297",22.0626526674194,-8.0267933251919,1.70244852520064,-4.71485228855651,2.41886160077396e-06,1.12574142493545e-05,"ENSG00000146521","lncRNA","LINC01558"
"21300",23.1177737343813,-3.23720590347353,0.805208818527455,-4.02033091166792,5.81164498938362e-05,0.000210988640359425,"ENSG00000270761","lncRNA","CD2AP-DT"
"21302",28.4076545190605,2.69538018534227,0.645838604922785,4.17345783419764,3.00011206053007e-05,0.000115008428039411,"ENSG00000229931","lncRNA","ATXN1-AS1"
"21306",5.81548716208523,2.55390881449515,1.24366214476628,2.05353907831223,0.0400203237582501,0.0721437825386692,"ENSG00000237686","lncRNA","SCIRT"
"21307",44.115226437816,1.36847128387922,0.528358015209737,2.59004547008905,0.00959632555731245,0.0211573887780291,"ENSG00000235652","lncRNA","EPM2A-DT"
"21309",57.946360374814,-2.3538104596712,0.702320238730877,-3.35147747404323,0.000803815781339753,0.00232619288868324,"ENSG00000230438","lncRNA","SERPINB9P1"
"21315",22.4867436289117,2.99173240063842,0.757850648797009,3.94765433715392,7.89206405785813e-05,0.000279516460669699,"ENSG00000203711","lncRNA","LINC02901"
"21319",52.5859423228231,-3.66221636628539,0.574731233975048,-6.3720503598807,1.86517615187145e-10,1.61310495595818e-09,"ENSG00000227502","lncRNA","MROCKI"
"21321",9.75712337095379,2.03909886556262,0.983376277670621,2.07356930593521,0.0381193282971987,0.0691770361136761,"ENSG00000235899","lncRNA","LINC01564"
"21323",510.747703925631,1.35669440787119,0.399269252404364,3.39794361749947,0.000678944113361758,0.00199785299418176,"ENSG00000231074","lncRNA","HCG18"
"21328",5.39173317180415,-4.49391199630692,1.93525368229111,-2.32213070432536,0.0202258988361012,0.0404067899294763,"ENSG00000270419","lncRNA","CAHM"
"21333",57.0208406233517,-3.48539515410573,0.597853835070549,-5.82984493809333,5.54789041611546e-09,3.86975784889497e-08,"ENSG00000233452","lncRNA","STXBP5-AS1"
"21335",9.39419294792599,1.97417444894535,0.949948592065283,2.07819082573016,0.0376917867549709,0.0685441791151068,"ENSG00000231690","lncRNA","LINC00574"
"21339",132.01326742078,-2.31197973046959,0.367172022236553,-6.29672085685243,3.04008020520753e-10,2.56156440179021e-09,"ENSG00000250903","lncRNA","GMDS-DT"
"21341",30.3836096987439,-7.03224112849869,1.63526285604276,-4.30037354698822,1.70510446384382e-05,6.83392314706758e-05,"ENSG00000235142","lncRNA","LINC02532"
"21348",29.7056608042886,6.59441157102634,1.23105612308992,5.35671075212601,8.47506316560838e-08,4.99406061744753e-07,"ENSG00000233797","lncRNA","UFL1-AS1"
"21355",4.14679530196883,-5.60835293927736,2.08528161559419,-2.68949426175193,0.00715603773375123,0.0163272410368938,"ENSG00000232310","lncRNA","LINC03002"
"21360",15.1763079321558,-2.19213336021098,0.942223188166858,-2.32655424716928,0.019989002068387,0.0399794406442889,"ENSG00000198221","lncRNA","AFDN-DT"
"21366",50.4172607991243,1.65513690218549,0.597513045054594,2.77004312438779,0.00560488712183883,0.0131792508861014,"ENSG00000231889","lncRNA","TRAF3IP2-AS1"
"21372",6.94281226028148,-6.3591161325292,2.0745809756138,-3.06525327633825,0.00217485735004385,0.00566692771361018,"ENSG00000230910","lncRNA","ADGRB3-DT"
"21413",16.7538154107249,-6.17072549327039,1.76891003795069,-3.4884337591409,0.000485859190482416,0.00147506786629389,"ENSG00000249346","lncRNA","LINC01016"
"21419",7.47058438708502,-6.44937350771208,1.82387672092579,-3.53607973264685,0.00040611210245071,0.00125471868597976,"ENSG00000229274","lncRNA","LINC02829"
"21473",59.7777192476109,-1.46669697876318,0.437417603762461,-3.35308173733142,0.000799171018157607,0.00231443585914093,"ENSG00000272288","lncRNA","ILRUN-AS1"
"21510",12.5582826567914,2.72960609305299,0.91693300080311,2.97688717786602,0.00291191145650877,0.00737075104557485,"ENSG00000232940","lncRNA","HCG25"
"21514",39.9404533964238,4.48225553267866,0.689054702826461,6.50493424439702,7.77273719018501e-11,7.06406691371417e-10,"ENSG00000226803","lncRNA","ZNF451-AS1"
"21517",30.8014309846725,-4.4525129552214,1.06632444118222,-4.17557057051507,2.97240085966491e-05,0.000114056098614827,"ENSG00000237643","lncRNA","LINC01610"
"21525",7.557044561831,-3.37256800842255,1.28953524659813,-2.61533604243822,0.0089139706585089,0.0198087446021208,"ENSG00000228495","lncRNA","LINC01013"
"21556",14.9423552882894,-2.69894236218875,0.840362464873349,-3.21164078002401,0.00131979288422573,0.00362812680372246,"ENSG00000240859","lncRNA","LINC03014"
"21589",17.0247860550498,7.63138364848389,1.46220996534101,5.21907511873929,1.7981882517325e-07,1.00593723083351e-06,"ENSG00000228598","lncRNA","MACC1-AS1"
"21658",50.6700324193186,2.7420113282015,0.726504830551907,3.77425064898531,0.000160489340415245,0.000536461546132197,"ENSG00000236039","lncRNA","LINC02889"
"21694",4.06211594586441,4.52421994823554,1.89768459597407,2.38407370636493,0.0171221726391492,0.0349765912815933,"ENSG00000236318","lncRNA","LINC02888"
"21749",39.3091977592685,-3.88555091987635,0.82316279020863,-4.72027035975662,2.35531378257769e-06,1.09763459281513e-05,"ENSG00000281404","lncRNA","LINC01176"
"21847",5.34640478628702,-5.97776516790223,2.66167624863596,-2.2458648646565,0.0247126650012374,0.0479560476362134,"ENSG00000233854","lncRNA","POU6F2-AS2"
"21959",22.8214507877809,-2.57449256614274,0.89853079807784,-2.86522462184954,0.00416713537044921,0.010135064624222,"ENSG00000281332","lncRNA","LINC00997"
"22095",70.6592802923968,4.65247326947755,0.986932968534376,4.7140721992362,2.42814563120615e-06,1.12968440424772e-05,"ENSG00000232445","lncRNA","EMSLR"
"22133",5.41215515024351,5.97751595701097,1.91051118705143,3.12875213582826,0.00175550325288957,0.00468836110077436,"ENSG00000225572","lncRNA","DOCK4-AS1"
"22138",7.38920207756128,6.42701088219334,1.74398037416412,3.68525413324893,0.00022847455000433,0.000740241583372584,"ENSG00000279078","lncRNA","SND1-IT1"
"22190",12.6534832434139,6.21774848317915,1.50965154148163,4.11866468011341,3.81074191112643e-05,0.000143010731025566,"ENSG00000223646","lncRNA","LINC03076"
"22275",19.8789958420838,4.98552219353136,1.03120953856156,4.83463545196224,1.33389853225366e-06,6.46079534478794e-06,"ENSG00000228742","lncRNA","LINC02577"
"22335",50.9285314973305,-2.83479096915506,1.25977001506376,-2.25024483457926,0.0244334076617042,0.0475262907906688,"ENSG00000286214","lncRNA","COPG2IT1"
"22346",34.0091642875216,1.91173689248921,0.66523321203662,2.87378449827604,0.00405585603726596,0.00990162538360957,"ENSG00000272604","lncRNA","EFCAB10-AS1"
"22402",18.7835230459209,-3.23813477597187,0.850417161152086,-3.80770158916486,0.000140264386894094,0.000474152575203391,"ENSG00000228775","lncRNA","WEE2-AS1"
"22438",53.5552814263463,2.2064032185298,0.581918963811761,3.79159875470827,0.000149680606528192,0.000503354393461348,"ENSG00000204934","lncRNA","ATP6V0E2-AS1"
"22451",352.548775830878,-3.07618567235163,0.374285947573409,-8.21881155917108,2.0552969173233e-16,3.65501396204632e-15,"ENSG00000260231","lncRNA","KDM7A-DT"
"22463",30.0866810614264,1.17997940099719,0.590973393212249,1.99667094077346,0.0458609408642724,0.0807156039457133,"ENSG00000273117","lncRNA","INSIG1-DT"
"22765",6.51423185487078,4.34680818653181,1.52018367306512,2.85939670550955,0.00424447623550392,0.0103033596258447,"ENSG00000226851","lncRNA","ZNF277-AS1"
"22789",5.18427776276734,-3.41697749498568,1.68137698474464,-2.03224947527436,0.0421284065315468,0.0753809748090189,"ENSG00000227544","lncRNA","LINC03013"
"22863",14.0253781867943,6.36936299546496,1.4842286663694,4.29136233505392,1.77580280123676e-05,7.09581733829439e-05,"ENSG00000214188","lncRNA","ST7-OT4"
"22872",13.3006585460054,7.27544094508954,1.52839647087725,4.76017910517266,1.93421236491003e-06,9.15027440554329e-06,"ENSG00000226367","lncRNA","ST7-AS2"
"22898",18.9397103882694,4.54646506939828,0.974098947877787,4.66735446055394,3.05102720463166e-06,1.39133439508608e-05,"ENSG00000272701","lncRNA","MESTIT1"
"22916",63.2006284253038,-2.19156790727113,0.502480077121486,-4.36150209143768,1.2917256138824e-05,5.29065718321722e-05,"ENSG00000261455","lncRNA","LINC01003"
"22957",3.04766736926094,5.14992608527264,2.31628171545453,2.22335912376792,0.026191593693596,0.0503514708908247,"ENSG00000280890","lncRNA","ELDR"
"22975",6.31809836947449,4.29862504956768,1.68618025046363,2.54932712465689,0.0107931007231832,0.023408882966561,"ENSG00000229688","lncRNA","CRPPA-AS1"
"22982",36.1884396938125,2.23508352935444,0.587815778282028,3.80235375084143,0.000143327876408081,0.000483627319145649,"ENSG00000234432","lncRNA","LINC02983"
"23011",11.7612140852023,-1.9936644421063,0.94127334725944,-2.1180504557055,0.0341707948006347,0.0631492438961982,"ENSG00000240449","lncRNA","REPIN1-AS1"
"23018",21.4449008049132,3.60106972192748,0.80331291165261,4.48277336227449,7.36791681578163e-06,3.15714384757534e-05,"ENSG00000227014","lncRNA","FKBP14-AS1"
"23049",143.962975768798,-2.56485872696905,0.399668161320514,-6.4174707299543,1.38556988431011e-10,1.21953812303083e-09,"ENSG00000273270","lncRNA","LINC03072"
"23134",3.84187374717741,-5.49003389447537,2.07313232250794,-2.64818305849087,0.00809256914169211,0.0182028846506452,"ENSG00000241657","lncRNA","TRBV11-2"
"23200",22.3556580082176,-6.58565573776463,1.58283919772715,-4.16066000085238,3.17329208561593e-05,0.000121179873812812,"ENSG00000235314","lncRNA","LINC00957"
"23264",161.092858225352,-2.35541101481078,0.345575114470756,-6.8159161819799,9.36648973899112e-12,9.68346121567095e-11,"ENSG00000272686","lncRNA","WASL-DT"
"23393",40.7179257979755,2.78433051836009,0.868918048368896,3.2043649266887,0.00135360788013374,0.00371191850546872,"ENSG00000236081","lncRNA","ELFN1-AS1"
"23424",4.62144409634762,3.69627490125785,1.64594534086742,2.24568508411701,0.0247241862484795,0.0479678513406366,"ENSG00000231840","lncRNA","TMEM139-AS1"
"23452",3.63867080651274,5.40344488663344,2.23722116348518,2.41524842283177,0.0157244809244392,0.032450543423407,"ENSG00000237243","lncRNA","CREB3L2-AS1"
"23458",12.3578681320216,1.87895638914952,0.858430740308814,2.18882700830772,0.0286094159031389,0.0543760605067445,"ENSG00000230658","lncRNA","KLHL7-DT"
"23510",32.1693447926134,-5.49660584209008,1.3302755974175,-4.13193014497206,3.59729754551275e-05,0.000135640682819625,"ENSG00000225329","lncRNA","LHFPL3-AS2"
"23572",21.1900275367138,2.86415968015918,0.763587544447091,3.75092509167773,0.0001761833340849,0.000583455303536036,"ENSG00000224903","lncRNA","RNF32-AS1"
"23578",9.40692924358509,-3.28589216492125,1.2261612922828,-2.67982049800622,0.00736616491219152,0.0167503665063487,"ENSG00000235029","lncRNA","MNX1-AS2"
"23579",22.7447494204892,-2.1904761170171,0.702640575484428,-3.1174916357583,0.00182397122332669,0.00484194421178988,"ENSG00000243479","lncRNA","MNX1-AS1"
"23662",81.597103335038,2.11894074258193,0.574958471956258,3.68538050299942,0.000228361209771568,0.000740046673166338,"ENSG00000233429","lncRNA","HOTAIRM1"
"23664",136.208055872641,2.42420298834652,0.527071603098314,4.59938075604186,4.23748663169672e-06,1.89420961205833e-05,"ENSG00000253552","lncRNA","HOXA-AS2"
"23667",132.620124287788,3.21821016451237,0.82845355221237,3.88459939114051,0.00010249875602117,0.000355336681468009,"ENSG00000254369","lncRNA","HOXA-AS3"
"23675",18.090963627248,2.76275917991523,0.994987872703146,2.77667623466552,0.00549178534949732,0.0129548972759671,"ENSG00000253187","lncRNA","HOXA10-AS"
"23687",506.237435707328,1.00856356167476,0.465576946881661,2.16626611010256,0.030290857854133,0.0570271555623976,"ENSG00000243766","lncRNA","HOTTIP"
"23694",5.70096926434363,3.54292256030243,1.6899959593209,2.09640889421185,0.0360459340848802,0.0660648265733487,"ENSG00000253405","lncRNA","EVX1-AS"
"23711",16.4203437208083,7.57864970155601,1.47666749118821,5.13226555523193,2.86275202772983e-07,1.55611819694822e-06,"ENSG00000232729","lncRNA","GTF2I-AS1"
"23987",11.2000710619359,-2.88650207740725,0.972393735365561,-2.96844989064239,0.00299305899022889,0.00755006115807669,"ENSG00000231170","lncRNA","PDK4-AS1"
"24005",44.5645644693456,-1.03675028425797,0.474925879073224,-2.18297281731856,0.0290378118683231,0.0551150066226079,"ENSG00000233834","lncRNA","GIRGL"
"24008",6.63688575892884,5.26370942621448,1.68730540268005,3.11959495764893,0.00181099878036248,0.00481347598665535,"ENSG00000231764","lncRNA","DLX6-AS1"
"24050",37.9574730604024,-5.74746716684302,1.06227149135026,-5.41054449229113,6.28334093211435e-08,3.76252730162729e-07,"ENSG00000242258","lncRNA","LINC00996"
"24197",123.229852411042,2.47259176131244,0.81304968670084,3.04113242001927,0.00235690150109274,0.00609335120082786,"ENSG00000233559","lncRNA","LINC00513"
"24223",154.116760416103,-2.41274977574788,0.43270500445013,-5.57596919595126,2.46155485729313e-08,1.55805169964351e-07,"ENSG00000182648","lncRNA","RNF32-DT"
"24287",4.54100639612141,-5.74793564389361,2.75513570466086,-2.08626226075537,0.0369548732082805,0.0674066769078289,"ENSG00000229108","lncRNA","LINC02587"
"24294",7.07164601822038,-6.38615929133328,1.86875325606697,-3.4173368103041,0.000632369928289179,0.00187627798232581,"ENSG00000223561","lncRNA","LINC03007"
"24302",31.6927699958255,-1.89462062849662,0.764613857579774,-2.47787901005828,0.0132165954263803,0.027891345716681,"ENSG00000271133","lncRNA","ITGB8-AS1"
"24308",38.1637810668805,-3.35673761047508,0.694943389782705,-4.83023172797523,1.36374243660459e-06,6.59501576944265e-06,"ENSG00000281103","lncRNA","TRG-AS1"
"24312",216.930835085431,4.13032885640956,0.8241927252802,5.01136291272818,5.40458785620719e-07,2.81149690889911e-06,"ENSG00000228649","lncRNA","SNHG26"
"24316",5.60922066009461,-6.0493638820461,1.9357701386426,-3.12504246309329,0.00177779394639601,0.00473834354741881,"ENSG00000243836","lncRNA","WDR86-AS1"
"24320",83.1765284869579,1.08270438210669,0.486072127412614,2.22745621698158,0.0259167988513442,0.0499200377825435,"ENSG00000232533","lncRNA","FAM131B-AS2"
"24321",3.21484389412525,-5.2545568724262,2.28807803765405,-2.29649373227395,0.0216476671231001,0.042792543767526,"ENSG00000232415","lncRNA","ELN-AS1"
"24322",13.3504794395873,1.8669956732509,0.800878105870157,2.33118580663708,0.0197435642306041,0.0395767168036548,"ENSG00000224057","lncRNA","EGFR-AS1"
"24323",66.4589674865785,-5.84143781942846,0.951786489601481,-6.13734055194912,8.3914373214794e-10,6.64037793841607e-09,"ENSG00000239911","lncRNA","PRKAG2-AS1"
"24326",482.639029706603,1.6392211388728,0.341883376768985,4.79467926859878,1.62935302663442e-06,7.80088148705705e-06,"ENSG00000232956","lncRNA","SNHG15"
"24330",15.1944201962835,6.4860460754953,1.45507333373355,4.45753896049544,8.29059724305789e-06,3.51409704342894e-05,"ENSG00000236197","lncRNA","PPP1R9A-AS1"
"24331",94.4299451997691,-1.77657603288503,0.412750749187062,-4.3042345444172,1.67564071989339e-05,6.72640104311979e-05,"ENSG00000230487","lncRNA","PSMG3-AS1"
"24332",127.795752974975,-4.06670179493681,0.501099669796653,-8.11555472903642,4.83570712809071e-16,8.27182329944022e-15,"ENSG00000182165","lncRNA","TP53TG1"
"24334",864.786477444858,4.45854806518218,0.734344918109907,6.07146308938558,1.26750096824701e-09,9.73394576359893e-09,"ENSG00000231721","lncRNA","LINC-PINT"
"24335",88.573002749492,-10.0273696069184,1.59746037276481,-6.27706938956083,3.45014133700349e-10,2.88784612180885e-09,"ENSG00000234456","lncRNA","MAGI2-AS3"
"24340",229.210374221223,-1.23355265148524,0.347442156773919,-3.5503827829618,0.000384671394311959,0.0011937767144398,"ENSG00000214293","lncRNA","APTR"
"24341",6.9042780825253,-3.81810408829358,1.57106999728505,-2.43025714633442,0.0150881137573568,0.0312834160754674,"ENSG00000233038","lncRNA","PTPRN2-AS1"
"24342",4.30038526264034,-5.6463277672941,2.16003546189183,-2.61399771758787,0.00894896343434268,0.0198785698253006,"ENSG00000227053","lncRNA","MUC12-AS1"
"24357",57.0443407979101,-2.03456107210305,0.558262086311783,-3.64445503642311,0.000267958974227609,0.000856600759445049,"ENSG00000241764","lncRNA","CBLL1-AS1"
"24373",13.0873745064429,-7.26901014016254,1.79347534751248,-4.05303041953965,5.05584254005645e-05,0.000185509761018208,"ENSG00000237181","lncRNA","PRKAR1B-AS1"
"24391",58.2443534285777,-3.18660342618692,0.844345619793999,-3.7740509946204,0.000160617906677573,0.000536826823675218,"ENSG00000273142","lncRNA","LINC02604"
"24393",37.0667795085772,-1.48539094919568,0.614003771986797,-2.41918863851478,0.015555171185818,0.0321225769290273,"ENSG00000223813","lncRNA","PRR15-DT"
"24494",87.7562394477893,-1.76224066994279,0.399118596644471,-4.41533089352028,1.00855597064316e-05,4.21711556775388e-05,"ENSG00000239569","lncRNA","KMT2E-AS1"
"24543",28.3826965187244,-8.37684642105112,1.63119149478595,-5.13541570553023,2.81521042669946e-07,1.53087380589044e-06,"ENSG00000236120","lncRNA","LINC03070"
"24550",36.2501986372638,-1.52854438391322,0.707832498871428,-2.15947188967777,0.0308135758733446,0.057893244456292,"ENSG00000236017","lncRNA","ASMTL-AS1"
"24575",3.52216417654085,-5.36923206814141,2.19149932629892,-2.45002679385221,0.0142845584671502,0.0298262095205384,"ENSG00000223511","lncRNA","LINC02968"
"24680",12.7641600262784,6.23074427359408,1.49163695739691,4.17711846216755,2.95225290505711e-05,0.000113361134934664,"ENSG00000229563","lncRNA","LINC01204"
"24750",9.38593331838826,6.77212416591472,1.64172224653579,4.12501212078025,3.70715233150554e-05,0.000139405156787097,"ENSG00000236276","lncRNA","NDP-AS1"
"25124",5.31640948586677,2.94019545554785,1.47357033785186,1.99528680784522,0.0460116078833524,0.0809295998863414,"ENSG00000271826","lncRNA","PLS3-AS1"
"25618",80.2800733876815,-8.43290607653848,1.62274016459082,-5.19670755709979,2.02849093217343e-07,1.12774532827245e-06,"ENSG00000241743","lncRNA","XACT"
"25624",4.57150105389141,5.73488670017022,2.01875576382548,2.84080263840475,0.00450001523114055,0.0108677476482014,"ENSG00000230020","lncRNA","NHS-AS1"
"25764",4.74906895228839,-5.79790622579328,1.95978622010389,-2.95843810223645,0.00309202332265875,0.00778066013498332,"ENSG00000281852","lncRNA","LINC00891"
"26174",89.3951301617888,1.68180827445087,0.396865350379747,4.23773018441041,2.25790882830102e-05,8.83947961744911e-05,"ENSG00000271147","lncRNA","ARMCX5-GPRASP2"
"26195",5.77030989949312,-6.0847026316257,1.92524990411435,-3.1604741901934,0.00157512559476739,0.00425357271763743,"ENSG00000203650","lncRNA","LINC01285"
"26248",37.324137203935,-8.77852286060914,4.40890377371087,-1.99108969285135,0.0464710274084795,0.0816087306792903,"ENSG00000229807","lncRNA","XIST"
"26418",18.6223355478434,1.74236455619826,0.885536375903314,1.96758100921706,0.049116266582795,0.0855790906696155,"ENSG00000223749","lncRNA","MIR503HG"
"26604",13.1120086109427,5.25309673070145,1.41474558081364,3.71310347382765,0.000204733131262528,0.000669320777184004,"ENSG00000225037","lncRNA","EIF1AX-AS1"
"26614",7.94834626755952,2.1606011964475,1.07785415712562,2.00453946590447,0.0450123037031783,0.0794783291690873,"ENSG00000231728","lncRNA","TMSB15B-AS1"
"26617",14.3972087179773,7.38844297046569,1.53787563108788,4.80431760612473,1.55280177224112e-06,7.45875494015234e-06,"ENSG00000229335","lncRNA","DANT1"
"26760",113.818320697978,4.22587170518148,0.717893332864907,5.88648969383409,3.94484344610439e-09,2.81149649035932e-08,"ENSG00000225470","lncRNA","JPX"
"26765",9.44883604072042,-6.80369789162606,2.17079236374952,-3.13420021428227,0.00172323234083426,0.0046132434857405,"ENSG00000203930","lncRNA","LINC00632"
"26797",3.08703599627937,5.16763670784114,2.30101559771073,2.24580690064961,0.0247163791201841,0.0479560476362134,"ENSG00000229487","lncRNA","ALG13-AS1"
"26860",76.6947303435311,4.69552809824898,0.551605904187758,8.51246888874977,1.70268456382784e-17,3.36496675707509e-16,"ENSG00000223546","lncRNA","LINC00630"
"26861",24.5165814332644,2.6073185263326,0.79632982520797,3.2741691241461,0.00105973164812617,0.00298065417313059,"ENSG00000234129","lncRNA","HCCS-DT"
"26862",190.317915921704,1.64430720396999,0.644992983805496,2.54934122580447,0.0107926642758368,0.023408882966561,"ENSG00000270069","lncRNA","MIR222HG"
"26867",34.3458937276371,3.95805803155874,0.678894082133171,5.83015544799275,5.53757660383041e-09,3.86353207473563e-08,"ENSG00000235244","lncRNA","DANT2"
"26870",64.4478032364332,6.69467639573968,0.894033588804562,7.48817100338627,6.98399961541745e-14,9.31791434787551e-13,"ENSG00000231566","lncRNA","LINC02595"
"26872",204.658100469342,-2.32105935562087,0.388723973241946,-5.97097044533504,2.35846469233529e-09,1.73371449689338e-08,"ENSG00000235437","lncRNA","LINC01278"
"26874",47.5904832603052,-9.13241467023119,1.59770171999848,-5.71596973072037,1.09080155291027e-08,7.28011942902772e-08,"ENSG00000274536","lncRNA","MIR223HG"
"26875",34.9465373700689,3.28206295312559,0.692898109572255,4.73671800771933,2.17207066073171e-06,1.01940807013195e-05,"ENSG00000236751","lncRNA","LINC01186"
"26876",11.989233308098,-7.14007548236866,1.68444089111439,-4.23884003293517,2.24677677987788e-05,8.79961223765568e-05,"ENSG00000233093","lncRNA","LINC00892"
"26877",45.2712304511583,-1.8407359825296,0.54567280891863,-3.3733327965845,0.000742641347122065,0.00216786777131888,"ENSG00000197180","lncRNA","ATP6AP1-DT"
"26886",15.4902309746602,-6.07480642817761,2.10411175454857,-2.88711206286709,0.00388795727405551,0.00953858770224249,"ENSG00000258545","lncRNA","RHOXF1-AS1"
"27039",5.24796119367493,5.93318115403825,1.92712290572092,3.07877672795275,0.00207852391391666,0.00543576386470726,"ENSG00000260093","lncRNA","MSRA-DT"
"27090",7.63423508888961,-6.4941878846468,1.83135353045721,-3.54611372225082,0.000390957449547649,0.00121179828247696,"ENSG00000254319","lncRNA","LINC03021"
"27455",82.5238646897414,-4.18496473890124,0.682660181400077,-6.13037767973846,8.76707001839589e-10,6.92384579120250e-09,"ENSG00000253549","lncRNA","CA3-AS1"
"27464",14.0540024970796,-7.37220560274581,1.68071114801567,-4.38636086364382,1.15262836588181e-05,4.75805399745721e-05,"ENSG00000235531","lncRNA","MSC-AS1"
"27559",11.0091624623198,6.00125372818892,1.53713418591132,3.90418337136322,9.45440788639081e-05,0.000330020852735661,"ENSG00000264448","lncRNA","MIR378D2HG"
"27598",21.8282322928485,1.7446593023342,0.799568401194226,2.18200131436959,0.0291094357243602,0.0552204172731098,"ENSG00000245970","lncRNA","RPL30-AS1"
"27625",12.264938989652,2.77149586438405,1.02103841605598,2.71438941062536,0.00663980652994573,0.0152885294560205,"ENSG00000250295","lncRNA","RDH10-AS1"
"27634",3.72412750904446,5.43799551816105,2.16103017193409,2.51639037195585,0.0118563779060604,0.0254276684521512,"ENSG00000227170","lncRNA","TRPS1-AS1"
"27792",42.5377100383186,-1.4087697921858,0.656095391187176,-2.14720269507867,0.0317771482529378,0.0593955428976719,"ENSG00000261087","lncRNA","ZNNT1"
"27846",27.9204524709277,4.54560931246967,0.867097561791796,5.24232740670668,1.58563687417257e-07,8.93859830769634e-07,"ENSG00000253972","lncRNA","MAL2-AS1"
"28207",16.2835274179988,6.57928163308251,1.43874719127551,4.572924050159,4.80964515679501e-06,2.12911141019185e-05,"ENSG00000280055","lncRNA","LINC02912"
"28222",69.0348303262078,-9.6658054662186,2.51659280509036,-3.84083012820643,0.000122618948319123,0.0004192908159073,"ENSG00000249395","lncRNA","CASC9"
"28326",4.11828781120411,5.58420481010327,2.08753779886895,2.67501973527322,0.0074724851251656,0.0169547312504878,"ENSG00000253603","lncRNA","CERNA3"
"28564",14.2705403044841,-2.62023985130103,0.935261853612482,-2.80161095117935,0.00508481529064025,0.0120901746564553,"ENSG00000253582","lncRNA","OXR1-AS1"
"28573",5.68871404902513,3.51326728208765,1.45908279329723,2.40786012844986,0.0160463274407358,0.0330216902545931,"ENSG00000254034","lncRNA","INTS9-AS1"
"28689",9.39179661322862,-3.2400892630955,1.1353410426194,-2.85384667819297,0.00431933717262054,0.0104722948733515,"ENSG00000253696","lncRNA","KBTBD11-OT1"
"28772",49.350587336772,3.32815234177521,0.594518980257675,5.59805902299827,2.16764959593117e-08,1.38208146401742e-07,"ENSG00000253930","lncRNA","TNFRSF10A-AS1"
"28774",67.4874223942062,1.88234690845698,0.421067847064473,4.47041236128572,7.80689294110357e-06,3.32833390692177e-05,"ENSG00000246582","lncRNA","TNFRSF10A-DT"
"28886",4.66480978349377,-5.77577611425204,1.9592232091035,-2.94799290219459,0.00319844408287102,0.00801151086944321,"ENSG00000254139","lncRNA","LINC03018"
"28949",5.19562770164215,5.92081434811302,2.05165145746576,2.88587729000837,0.00390324309505505,0.00956681273258275,"ENSG00000280997","lncRNA","CCAT2"
"28964",22.9701360818627,-4.63110103249656,1.00527331802582,-4.60680786951676,4.08897485381954e-06,1.832237307304e-05,"ENSG00000253764","lncRNA","KBTBD11-AS1"
"29169",3.77007404714006,-5.48115252129177,2.64758677324762,-2.07024471366745,0.0384294339808897,0.0696310673531096,"ENSG00000215374","lncRNA","FAM66B"
"29218",3.10889173528067,4.11807330731593,2.04364047271901,2.01506740656635,0.0438975867760611,0.0778112055005768,"ENSG00000248050","lncRNA","SYBU-AS1"
"29239",65.2880076736926,-2.17418064384498,0.600613509599946,-3.61993296703091,0.000294679346103944,0.000933973451932454,"ENSG00000261437","lncRNA","LINC02894"
"29270",72.0072305854977,-1.00191266488287,0.469415889233939,-2.13438165997733,0.0328115516194595,0.0610005539827106,"ENSG00000228801","lncRNA","PCMTD1-DT"
"29272",548.952510783997,6.01224994161797,0.552896085516004,10.874104735263,1.53151866589897e-27,7.10394933177238e-26,"ENSG00000254166","lncRNA","CASC19"
"29273",27.6705363025452,2.02306357836346,0.61169288119409,3.30731914750131,0.000941935113619363,0.00268156670899555,"ENSG00000253438","lncRNA","PCAT1"
"29276",36.6618245782832,5.53652306732044,0.856011239176813,6.4678158579374,9.9429555633661e-11,8.91789868785182e-10,"ENSG00000253741","lncRNA","LNCOC1"
"29281",8.67402133013987,2.17183116038758,1.03030283756725,2.10795416764619,0.0350349540731298,0.0645690885907739,"ENSG00000253773","lncRNA","CFAP418-AS1"
"29289",6.21899358914116,-6.19916286705458,1.95926557439861,-3.16402377914357,0.0015560408151509,0.00420856870033669,"ENSG00000246430","lncRNA","LINC00968"
"29292",127.410683823922,1.8499757401715,0.530788560640757,3.4853346084517,0.000491521975586222,0.00148982227211284,"ENSG00000251136","lncRNA","RIPK2-DT"
"29303",26.8892597747826,-1.70462850825923,0.651526938593502,-2.61635921292699,0.00888730061673951,0.0197621015871267,"ENSG00000270673","lncRNA","YTHDF3-DT"
"29307",27.8792490022413,-5.9041878201111,1.46400907335304,-4.03289018324775,5.50950301778453e-05,0.000200884289909552,"ENSG00000245164","lncRNA","LINC00861"
"29308",184.278212400464,-1.27351120189381,0.458027735218046,-2.78042376907056,0.00542880039161166,0.0128215329004535,"ENSG00000253982","lncRNA","CLN8-AS1"
"29310",32.2958127063915,-3.72548225643943,0.848833630809617,-4.38894280482981,1.13903018008644e-05,4.70610880967723e-05,"ENSG00000247081","lncRNA","BAALC-AS1"
"29312",13.2150584830657,2.8189857013996,0.900481173466994,3.13053263573081,0.0017448961005181,0.00466585351398147,"ENSG00000248538","lncRNA","PPP1R3B-DT"
"29313",253.338136970597,3.66772469005805,0.603194032165367,6.08050559932021,1.19804168296777e-09,9.25158104291786e-09,"ENSG00000249859","lncRNA","PVT1"
"29325",46.6107068154844,-6.06752390566749,0.971933041002859,-6.24273859380982,4.29975168709798e-10,3.55726483958454e-09,"ENSG00000167912","lncRNA","TOX-DT"
"29342",2.7066572384152,-4.97961564017624,2.284997343194,-2.17926539608824,0.0293119582896642,0.05555578256331,"ENSG00000249816","lncRNA","LINC00964"
"29348",4.89631483578077,3.79865332564129,1.65400989223413,2.29663277316335,0.0216397274244419,0.0427832808646662,"ENSG00000253167","lncRNA","WASHC5-AS1"
"29361",5.19528373377597,-5.9447496116411,2.03566333156053,-2.92030097485908,0.00349693480271319,0.00867253542098653,"ENSG00000272138","lncRNA","LINC01607"
"29419",13.8334240669763,-3.85439717844905,1.4294234420657,-2.69646982483998,0.00700787466052846,0.0160352018151087,"ENSG00000261618","lncRNA","LINC02605"
"29423",4.01356698247299,-4.04131766781831,2.04293996218074,-1.97818719229732,0.0479075930472251,0.0837037707031479,"ENSG00000177335","lncRNA","LINC02904"
"29432",78.8831791390724,-1.02800363352092,0.436696490074501,-2.354046017969,0.018570311960975,0.0375031095120742,"ENSG00000253716","lncRNA","MINCR"
"29439",5.43080431615421,-6.00625561739979,2.49039207857551,-2.41177108980981,0.0158752451674819,0.0327276998708289,"ENSG00000281769","lncRNA","LINC01230"
"29504",64.0953190655956,-3.89126919289711,0.592667810289193,-6.56568338172164,5.17947665010171e-11,4.84049746974414e-10,"ENSG00000233554","lncRNA","B4GALT1-AS1"
"29592",9.51922070792462,3.41174264091369,1.24748710996835,2.73489209920594,0.00624007272497642,0.0144734947919676,"ENSG00000203321","lncRNA","CARNMT1-AS1"
"29647",10.1278695811076,-6.9034779435511,1.81602157492601,-3.8014294757662,0.000143863688868948,0.000485258795892825,"ENSG00000224958","lncRNA","PGM5-AS1"
"29764",111.767996929246,8.48990486691696,1.1109766328934,7.64183927505843,2.14140389984804e-14,3.04534552563469e-13,"ENSG00000231107","lncRNA","LINC01508"
"29781",4.38090333531876,5.67184904555528,2.06576644716426,2.74563905970164,0.00603931667343355,0.0140688224942102,"ENSG00000236130","lncRNA","PTCSC2"
"29845",7.04928854311195,-6.376925908296,1.80920093457061,-3.52471955239702,0.000423931347050928,0.00130268668651589,"ENSG00000269994","lncRNA","LINC02893"
"30008",29.1937040277702,3.39395334709833,0.685959378427317,4.9477468401694,7.50774652872284e-07,3.80459019739412e-06,"ENSG00000238058","lncRNA","CAMSAP1-DT"
"30176",605.076173095681,-2.3925484607832,0.365121988751566,-6.55273726176795,5.64918605674337e-11,5.2530069209898e-10,"ENSG00000234771","lncRNA","SLC25A25-AS1"
"30231",9.73400554503463,6.82440389682127,1.63043836414589,4.18562519558736,2.84382270539397e-05,0.000109590736241789,"ENSG00000235298","lncRNA","HNRNPK-AS1"
"30274",5.09336776078916,4.86750057458928,1.79703306631176,2.70863161387418,0.00675613094451848,0.0155332408357616,"ENSG00000227071","lncRNA","FOCAD-AS1"
"30300",24.3892740043025,1.78115867689473,0.617067461713466,2.88648938310381,0.00389565890349297,0.00955158866559006,"ENSG00000183784","lncRNA","DOCK8-AS1"
"30302",10.2071885548239,3.28787362308518,1.04387046593476,3.14969503437476,0.00163440975003551,0.00439958001288696,"ENSG00000227155","lncRNA","DOCK8-AS2"
"30319",13.428424020784,4.02569122198479,1.17720794910743,3.41969422228001,0.000626915615516388,0.00186227863117052,"ENSG00000235865","lncRNA","GSN-AS1"
"30543",48.9814590547889,1.70424606121437,0.5588765455345,3.0494141771229,0.00229288134352508,0.00594708167308574,"ENSG00000228544","lncRNA","CCDC183-AS1"
"30553",31.4835258041732,4.00747315826613,0.745741982305517,5.37380656225996,7.70915603883296e-08,4.56496854716511e-07,"ENSG00000196366","lncRNA","C9orf163"
"30608",9.41131727337607,-6.77930598194688,1.92982652044818,-3.51290953363646,0.000443228361587514,0.00135554819025738,"ENSG00000270547","lncRNA","LINC01235"
"30852",3.54984976264947,4.31950946443178,1.98080529677035,2.18068351870556,0.029206832900553,0.0553753911339527,"ENSG00000239705","lncRNA","HSPA5-DT"
"30881",13.0049198113918,7.24224407337837,1.53688908912549,4.71227502662492,2.44966458171309e-06,1.13893442989738e-05,"ENSG00000227518","lncRNA","MIR1302-9HG"
"31185",64.8335735842095,1.85521457340706,0.633029660105797,2.93069138829451,0.00338208587775606,0.00842675309434457,"ENSG00000204860","lncRNA","FAM201A"
"31246",25.5548526125157,-3.92783493212869,0.961337249102242,-4.08580332843313,4.39245740870505e-05,0.000163038786531969,"ENSG00000236404","lncRNA","VLDLR-AS1"
"31324",3.45276320412766,-5.34447491489221,2.110995917364,-2.53173152583158,0.0113500858088924,0.0244662875181847,"ENSG00000254876","lncRNA","SUGT1P4-STRA6LP"
"31362",1479.22932542733,-8.56089750414898,0.479872592261976,-17.8399384382331,3.46076993575334e-71,1.4164218835581e-68,"ENSG00000240498","lncRNA","CDKN2B-AS1"
"31483",10.27849671067,3.30571044765487,1.09556674230096,3.01735195129424,0.00254993564087394,0.00653594205389229,"ENSG00000230262","lncRNA","LINC02603"
"31505",11.3126686758713,-7.05765238217351,2.00788802796481,-3.51496312736478,0.000439815050036043,0.00134673700710233,"ENSG00000225756","lncRNA","DBH-AS1"
"31522",17.5349850474506,2.51849243718788,0.780069814879946,3.22854748273458,0.00124420601719094,0.00344483661604069,"ENSG00000230185","lncRNA","HSDL2-AS1"
"31524",5.91160312618928,-6.12953431672594,1.95238828404284,-3.13950578725734,0.0016923307182606,0.00453842178570267,"ENSG00000224307","lncRNA","LINC02975"
"31525",84.1688296710734,-1.39667489497753,0.503392591183036,-2.77452413770169,0.00552825315105357,0.0130221594115084,"ENSG00000225434","lncRNA","LINC01504"
"31530",7.41385342503796,-6.45211647378553,2.73013268509573,-2.36329776534626,0.018113109600776,0.0366835943311888,"ENSG00000277631","lncRNA","PGM5P3-AS1"
"31532",15.9923867869248,-2.14093469075769,0.969558853824203,-2.20815341153687,0.0272335807841662,0.0521636467174212,"ENSG00000225194","lncRNA","LINC00092"
"31533",46.2515294632424,-1.62180265110113,0.568559948083261,-2.85247431967126,0.004338031738346,0.0105130408664148,"ENSG00000287750","lncRNA","LINC03026"
"31535",22.2149675056107,4.29280766696034,0.920783918466114,4.66212276395043,3.12964399889404e-06,1.42578363288951e-05,"ENSG00000232104","lncRNA","RFX3-DT"
"31536",3.90695033856994,-3.99697088965647,1.94336129760654,-2.0567307245334,0.0397121350133157,0.0716889426967367,"ENSG00000226237","lncRNA","GAS1RR"
"31539",3.81711754444481,-5.49472076518333,2.09076486287412,-2.62809121329401,0.00858654883675799,0.0191745358802705,"ENSG00000237372","lncRNA","LINC03062"
"31541",20.7049969140731,6.93721994519054,1.39770577914063,4.96329059285698,6.93087628461543e-07,3.53154921049308e-06,"ENSG00000171889","lncRNA","MIR31HG"
"31556",28.0040199931985,-8.36916221412627,1.62959852267149,-5.13572030024071,2.81065416795426e-07,1.52869486316856e-06,"ENSG00000225706","lncRNA","PTPRD-AS1"
"31670",31.6424676245206,4.197770348964,0.807546003058765,5.19818107335556,2.01248043625641e-07,1.1190677926364e-06,"ENSG00000235481","lncRNA","UBE2R2-AS1"
"31760",433.422227065599,4.42669722003969,0.701933577017354,6.30643320818124,2.85539115938525e-10,2.41471866778641e-09,"ENSG00000269821","lncRNA","KCNQ1OT1"
"31762",33.1876246039799,-1.52402889758581,0.589656643301259,-2.58460396384812,0.00974909078160819,0.0214505320101801,"ENSG00000255153","lncRNA","TOLLIP-DT"
"31878",3.50088061194824,5.35000660645657,2.20854029610502,2.42241747451556,0.0154176271647081,0.0318716468559006,"ENSG00000249867","lncRNA","LINC02742"
"31910",102.384577074276,1.55219880401219,0.395939225673603,3.92029559933464,8.84404209432972e-05,0.000310154404646283,"ENSG00000245573","lncRNA","BDNF-AS"
"32247",14.3026174528143,-1.83586058873005,0.910707876433476,-2.01586110786663,0.0438145014723135,0.0776837223976528,"ENSG00000255337","lncRNA","TMEM123-DT"
"32349",6.91630452136476,6.33169250570067,1.77558594001476,3.56597355442453,0.000362507928541607,0.00113041548002705,"ENSG00000245148","lncRNA","ARAP1-AS2"
"32426",2.69287569411972,4.96906106950093,2.48026557397752,2.00343911621215,0.0451301764434883,0.0796460330119673,"ENSG00000256315","lncRNA","CADM1-AS1"
"32434",127.991924965524,-10.5545638130681,1.49925450376873,-7.03987467540487,1.92412815193503e-12,2.17066925806663e-11,"ENSG00000255545","lncRNA","B3GAT1-DT"
"32874",44.3613586678939,-1.66077205937825,0.794032210114828,-2.09156761932628,0.0364772116624372,0.0667020896948414,"ENSG00000254872","lncRNA","LINC02688"
"32990",23.5984411501756,2.1219575563247,0.892957386512599,2.37632566612378,0.0174860221178177,0.0355870918874578,"ENSG00000245522","lncRNA","LINC02709"
"32997",20.1414689243704,3.46126524636772,1.29349979294744,2.67589161222879,0.00745307440267167,0.0169189652284466,"ENSG00000254554","lncRNA","ADM-DT"
"33056",83.5573894455687,-2.10281459392292,0.520018796259571,-4.04372805184773,5.26079362475721e-05,0.000192572862515609,"ENSG00000255468","lncRNA","B4GAT1-DT"
"33128",3.78989989806696,5.46469245822859,2.15760708453698,2.53275607843182,0.0113169673480573,0.0244043482305737,"ENSG00000247473","lncRNA","CARS1-AS1"
"33136",15.561914524494,-2.75430643635704,0.877408390558098,-3.13913847416605,0.0016944535513747,0.00454319236881592,"ENSG00000250508","lncRNA","LINC02701"
"33143",4.11461000104551,-5.6083736550688,2.13527555538057,-2.626533910781,0.00862593970581806,0.0192455129030481,"ENSG00000256508","lncRNA","MRGPRF-AS1"
"33287",18.299378157394,2.11579863647351,0.734460718811217,2.88075125365193,0.00396728605189677,0.0097083916389993,"ENSG00000254815","lncRNA","LMNTD2-AS1"
"33297",4.00306300533677,4.5032612640432,1.9198359347898,2.34564901220909,0.0189939844494383,0.0382381689986546,"ENSG00000255400","lncRNA","LINC02989"
"33431",11.4516034770185,3.22878535237474,0.993875376052649,3.24868230984696,0.00115940886279751,0.00323030414060643,"ENSG00000235027","lncRNA","PRADX"
"33579",3.77804640009475,-3.93784370906802,1.98658109596381,-1.98222147440577,0.047454458236699,0.0829797076643359,"ENSG00000257052","lncRNA","PRPF19-DT"
"33610",13.6509021981438,6.32933984580163,1.47885690334258,4.27988660126329,1.86988563112212e-05,7.44183998280563e-05,"ENSG00000254480","lncRNA","LINC02749"
"33675",10.8692432653305,2.53808285071141,1.00994309335183,2.5130949133856,0.0119677132079515,0.0256328633438894,"ENSG00000257038","lncRNA","ARHGEF17-AS1"
"33757",8.49057187406281,3.19929169948813,1.28976821285375,2.48051678402692,0.0131192087235811,0.0277215623708137,"ENSG00000233220","lncRNA","PRDM10-DT"
"33766",2.63382275359207,4.93833373735349,2.43891119608879,2.02481080298166,0.0428867953619494,0.076391149374337,"ENSG00000255159","lncRNA","DENND2B-AS1"
"34023",6.43600892178377,-3.73948306954095,1.58606231673155,-2.3577150973784,0.0183877990955363,0.0371776851890934,"ENSG00000227467","lncRNA","LINC01537"
"34084",10.5821911512651,2.44298293633443,1.13725974654594,2.14813101734604,0.0317033488045016,0.0592728671623057,"ENSG00000244926","lncRNA","ALKBH3-AS1"
"34230",8.54219571639974,3.22269194127515,1.13414320101527,2.84152119272966,0.00448988676797337,0.0108489354609712,"ENSG00000255435","lncRNA","TTC36-AS1"
"34431",66.8674599965093,-4.96872599347276,0.822328107978785,-6.0422670042077,1.51963708635815e-09,1.15177069037128e-08,"ENSG00000196167","lncRNA","COLCA1"
"34452",3.66507456851682,5.41592873619432,2.16978411940959,2.49606801328605,0.0125578521000094,0.0267097884444297,"ENSG00000255606","lncRNA","LINC02952"
"34454",5.06696399878508,4.85753120862474,1.82040047517366,2.66838603640847,0.00762166302800102,0.0172566306323053,"ENSG00000285094","lncRNA","LINC01488"
"34491",65.3514737441881,2.92079724918333,0.495970410364904,5.88905545198632,3.88409115504516e-09,2.76890729856716e-08,"ENSG00000247137","lncRNA","ANKRD42-DT"
"34508",4.78263757042405,-3.27000933416639,1.52586659469647,-2.14305060844252,0.032109034854548,0.0599347115383585,"ENSG00000246100","lncRNA","LINC00900"
"34514",16.3218221345014,2.35741553988431,0.88212680326,2.67242252607246,0.00753057612806532,0.0170684472856247,"ENSG00000246889","lncRNA","CTTN-DT"
"34531",12.1057172521893,4.6758317985238,1.23208091650412,3.79506876203465,0.000147602542202104,0.000496906538287982,"ENSG00000251323","lncRNA","LINC02728"
"34584",66.9412836133602,-1.83580641062603,0.738523593837924,-2.48577895945856,0.0129268229234407,0.027379483164557,"ENSG00000254614","lncRNA","CAPN1-AS1"
"34617",5.28951108945805,-5.96550914527607,2.1492563958164,-2.77561539744077,0.00550973426823883,0.0129928329452089,"ENSG00000254528","lncRNA","FXYD6-AS1"
"34627",35.6170483087781,1.87419849197558,0.627011248159839,2.98909867642088,0.00279801752262175,0.00711091458972568,"ENSG00000254860","lncRNA","TMEM9B-AS1"
"34697",6.46937236790083,-6.25975904832591,2.00956988874674,-3.11497454424429,0.00183960784903319,0.00487775788377042,"ENSG00000205106","lncRNA","LINC02716"
"34735",24.304025164718,-4.34149655043584,0.921291002846439,-4.71240524114777,2.44809928963373e-06,1.13858708773056e-05,"ENSG00000251637","lncRNA","LINC02754"
"34749",7.67493268602497,2.25508489146748,1.06293725076329,2.12155975326683,0.0338747251387117,0.0626590107228157,"ENSG00000255236","lncRNA","CHKA-DT"
"34769",61.5103326812305,3.00466787870225,0.514818319353365,5.83636550167106,5.33517917992376e-09,3.72792798785986e-08,"ENSG00000174370","lncRNA","KCNJ5-AS1"
"34812",4601.4185107512,-1.32004996288147,0.493031450711283,-2.67741532710961,0.00741926026538327,0.0168523094396416,"ENSG00000245532","lncRNA","NEAT1"
"34823",6.25952869509046,6.18815807440886,1.8310440253634,3.3795790754844,0.000725969201495137,0.00212343130287033,"ENSG00000256746","lncRNA","MADD-AS1"
"34843",415.177037742045,-2.53760909095298,0.422932963010806,-6.00002674865555,1.97285027276245e-09,1.46887094545885e-08,"ENSG00000255774","lncRNA","LINC02747"
"34848",33.5292237241636,-3.51081949499624,0.663187796437808,-5.29385419010115,1.19764938522142e-07,6.88957834644424e-07,"ENSG00000255197","lncRNA","SLC39A13-AS1"
"34858",6.12972642348934,-6.17911948490523,2.50510742750282,-2.46660858415353,0.0136399365970171,0.0286998620572755,"ENSG00000255007","lncRNA","LINC02489"
"34864",28.8171282178694,-2.6724827299652,0.78391423393001,-3.40915193817466,0.000651651747911693,0.00192752893996496,"ENSG00000251364","lncRNA","SYT9-AS1"
"34870",288.560452605088,-2.26969371841338,0.469231174557598,-4.83704800848601,1.31781607610303e-06,6.39291253512695e-06,"ENSG00000247095","lncRNA","MIR210HG"
"34880",138.230034667398,-1.52450793435339,0.36484893071562,-4.17846348449809,2.93485104222662e-05,0.000112770729471502,"ENSG00000255135","lncRNA","EMSY-DT"
"34882",1919.32941058095,2.59004374243226,0.382162043289579,6.77734429127929,1.2240495681439e-11,1.2460323164233e-10,"ENSG00000255717","lncRNA","SNHG1"
"34888",7.37911828773486,5.42169502195356,1.65318929227389,3.27953673985891,0.00103977670565055,0.00293280890797207,"ENSG00000256940","lncRNA","PPP1R14B-AS1"
"34889",42.182179490168,-1.76032141603486,0.563511984499971,-3.12384024555729,0.00178507346958328,0.00475501337404023,"ENSG00000250303","lncRNA","LINC02762"
"34899",157.040766128964,1.7085611173889,0.537288790904767,3.17996791727549,0.00147291358545839,0.0040067107806561,"ENSG00000246067","lncRNA","RAB30-DT"
"34910",7.00176122389648,6.35000278059351,1.7792477129532,3.56892563883293,0.000358448138037909,0.00111850769477891,"ENSG00000254791","lncRNA","FAR1-IT1"
"34923",2830.15155797648,-2.69407368538111,0.517526390423439,-5.20567402017282,1.93293707372392e-07,1.0774551241783e-06,"ENSG00000251562","lncRNA","MALAT1"
"34948",556.905153739899,-4.78832703125689,0.43140506473309,-11.0993760219747,1.26322713333628e-28,6.33457195457332e-27,"ENSG00000254827","lncRNA","SLC22A18AS"
"34954",79.0816009063228,-2.32524428941104,0.483331706844604,-4.81086644323672,1.50277413107924e-06,7.23343252197621e-06,"ENSG00000250073","lncRNA","ESAM-AS1"
"34985",211.914102173038,-2.71809037207015,0.482540607398855,-5.63287385640365,1.77231095004774e-08,1.14845450739506e-07,"ENSG00000280798","lncRNA","LINC00294"
"34987",8.24162812308825,4.70109965989546,1.44446315077382,3.25456530848642,0.00113566045144705,0.00316954548497654,"ENSG00000247151","lncRNA","CSTF3-DT"
"35006",65.604266447363,-1.81291969006306,0.625560536831211,-2.89807234204133,0.00375463974372021,0.00924656036700089,"ENSG00000255248","lncRNA","MIR100HG"
"35015",485.711981374682,-7.04724028398948,0.587101429723207,-12.0034459587536,3.4080542878637e-33,2.38315474586771e-31,"ENSG00000229719","lncRNA","MIR194-2HG"
"35096",202.566560072681,-1.40688190085799,0.322752799035341,-4.35900759052421,1.30653581662334e-05,5.34738210477122e-05,"ENSG00000247271","lncRNA","ZBED5-AS1"
"35112",8.39780852021654,-6.63429118153088,1.99847967495904,-3.31966907877952,0.000901242108101469,0.00257731906191656,"ENSG00000254703","lncRNA","SENCR"
"35249",3.09336905384078,-5.19480219195518,2.19752620902173,-2.36393184783346,0.0180821386312384,0.0366582168011361,"ENSG00000226808","lncRNA","LINC00840"
"35260",21.7105248805414,-8.00036417441544,1.59420727927683,-5.01839646475869,5.21045616000658e-07,2.71863902116879e-06,"ENSG00000165511","lncRNA","ZNF22-AS1"
"35304",12.828975117182,4.75796217549457,1.24070538753045,3.83488475452259,0.000125623182422868,0.000428615764375486,"ENSG00000225778","lncRNA","PROSER2-AS1"
"35310",64.1314052487231,-1.53985371005557,0.466121500565445,-3.30354576690326,0.00095470384422223,0.00271403091813574,"ENSG00000226200","lncRNA","SGMS1-AS1"
"35372",5.41662344743923,-4.53551507049876,1.8707611086035,-2.42442236458746,0.0153327613022296,0.0317457282995352,"ENSG00000230417","lncRNA","LINC00595"
"35373",5.41662344743923,-4.53551507049876,1.8707611086035,-2.42442236458746,0.0153327613022296,0.0317457282995352,"ENSG00000230417","lncRNA","LINC00856"
"35393",32.5907801070487,1.06058547679697,0.527606647071303,2.01018217394376,0.0444119113797698,0.0786334856420272,"ENSG00000237149","lncRNA","ZNF503-AS2"
"35452",97.3591655198895,2.13189033867994,0.397630156161532,5.36149058527112,8.25380251312408e-08,4.86986596868256e-07,"ENSG00000237523","lncRNA","LINC00857"
"35458",66.128453099232,1.05068049442472,0.470822904572993,2.2315832220984,0.0256425215495438,0.0494633363768611,"ENSG00000224914","lncRNA","LINC00863"
"35603",6.46944254843712,-6.25781649024057,2.41862133681375,-2.5873485836706,0.00967176931405777,0.0212971763414465,"ENSG00000229847","lncRNA","EMX2OS"
"35643",6.92569987302896,3.37689905671846,1.37175625908535,2.46173402479686,0.0138267160548767,0.0290511350236504,"ENSG00000227492","lncRNA","CHUK-DT"
"35653",39.3529791424775,-1.22699822608569,0.545049042359688,-2.25117031813069,0.0243747520732983,0.0474253214600215,"ENSG00000227695","lncRNA","DNMBP-AS1"
"35671",5.55981011054993,4.00768935346505,1.57137027758429,2.55044238180844,0.0107586305952621,0.0233468575514027,"ENSG00000228261","lncRNA","ITPRIP-AS1"
"35809",16.6481598524409,4.71873892321726,1.10725180494313,4.2616674022578,2.0290727506384e-05,8.01577341703581e-05,"ENSG00000236991","lncRNA","EDRF1-AS1"
"35831",23.6089998372199,1.81567553335387,0.772869661873486,2.34926485398916,0.0188105212603033,0.0379194275818847,"ENSG00000272933","lncRNA","TRIM8-DT"
"35924",11.8848469526038,6.1249034589043,1.50736526791087,4.06331735863404,4.83801803833225e-05,0.000178010153390831,"ENSG00000230131","lncRNA","LINC02641"
"36190",17.3619392011056,-2.36056752957221,0.827638640823061,-2.85217172463661,0.00434216361109988,0.0105212219624343,"ENSG00000242147","lncRNA","LASTR"
"36217",12.1088625694364,3.85175231175501,1.06433067080001,3.61894326399502,0.000295808476685325,0.000937231980262895,"ENSG00000232913","lncRNA","PLCE1-AS2"
"36282",15.8553152315599,4.5618224244687,1.09803155556753,4.15454583371319,3.25934281771471e-05,0.000124219502375815,"ENSG00000273143","lncRNA","DUSP5-DT"
"36359",2.82566317053922,-5.06599448245075,2.40079994004927,-2.11012771116063,0.0348473569775023,0.0642547238473798,"ENSG00000235645","lncRNA","LINC02651"
"36411",14.7314842810391,2.32229810459047,0.82450863954751,2.81658431846748,0.00485373005062994,0.0116171449122017,"ENSG00000237399","lncRNA","PITRM1-AS1"
"36492",21.7661210670114,2.80228224188429,0.721330868439762,3.88487775096279,0.00010238139184815,0.000355018255236215,"ENSG00000260589","lncRNA","STAM-DT"
"36507",15.8954432908092,2.02437229901489,0.828954946852279,2.44207759022594,0.0146030077211641,0.0304135529362956,"ENSG00000285294","lncRNA","LINC00842"
"36545",30.0369377078486,1.74521420602404,0.677445892760937,2.57616766840434,0.00999021892553387,0.0218875685205489,"ENSG00000227896","lncRNA","WAPL-DT"
"36681",146.55122461478,3.10366940486203,0.423036228038624,7.33665156587644,2.19003776198668e-13,2.73936813275737e-12,"ENSG00000272734","lncRNA","ADIRF-AS1"
"36737",5.68871404902513,3.51326728208765,1.45908279329723,2.40786012844986,0.0160463274407358,0.0330216902545931,"ENSG00000232936","lncRNA","PANK1-AS1"
"36762",145.312935164995,-5.25374006060426,0.570801103134343,-9.2041519046745,3.44379893855426e-20,8.78500167359337e-19,"ENSG00000180525","lncRNA","DIP2C-AS1"
"36793",7.41657973132033,5.4141643400775,1.66262955515912,3.25638644115125,0.00112840057857644,0.00315116561332139,"ENSG00000285737","lncRNA","LINC02680"
"36819",9.35884111822197,3.49537192636781,1.190865041549,2.93515369451206,0.00333382512595956,0.00832140691305656,"ENSG00000230565","lncRNA","ZNF32-AS2"
"36956",80.7157144353558,1.87247912024476,0.682586516411344,2.74321141016556,0.00608415010562511,0.0141569329565047,"ENSG00000180139","lncRNA","ACTA2-AS1"
"36981",21.0523834441274,3.78250619250728,0.833350108348356,4.53891606254657,5.65441368779671e-06,2.47667591037252e-05,"ENSG00000236756","lncRNA","DNAJC9-AS1"
"36996",26.0380426998292,-8.25297443956613,1.65019137622622,-5.00122262088149,5.69678845159992e-07,2.95411439158706e-06,"ENSG00000285972","lncRNA","CERNA2"
"37002",34.5095048012818,8.65094812054771,1.34995344892322,6.40833069277171,1.4712153196844e-10,1.29083838468274e-09,"ENSG00000229404","lncRNA","LINC00858"
"37041",5.37040992571439,4.07177367125084,1.73785212455507,2.34299202660485,0.0191297919096144,0.0384627393900071,"ENSG00000231187","lncRNA","SYT15-AS1"
"37058",10.1203703023806,-6.90041169101721,1.7337272513401,-3.98010222523956,6.88856396596779e-05,0.000246579580368938,"ENSG00000224812","lncRNA","TMEM72-AS1"
"37060",81.0923266259809,-4.41907492798665,0.554660236964933,-7.96717455746884,1.62343276813115e-15,2.62379543378966e-14,"ENSG00000203497","lncRNA","PDCD4-AS1"
"37069",5.55666479330287,6.01564403405431,1.89363746076638,3.1767664923674,0.00148926893059275,0.0040464554922705,"ENSG00000229327","lncRNA","EPC1-AS1"
"37181",2.97932331174702,-5.13307784482361,2.22305162194629,-2.30902323371581,0.0209422920117716,0.0415723915106715,"ENSG00000237512","lncRNA","UNC5B-AS1"
"37246",145.404609823141,-2.37829747485742,0.395239964834064,-6.01735068936136,1.77294717119127e-09,1.32987229365312e-08,"ENSG00000235823","lncRNA","OLMALINC"
"37247",4.07236395898911,-5.56553312541967,2.15138716600753,-2.58695097440224,0.00968293679961042,0.0213188917462139,"ENSG00000257582","lncRNA","LINC01475"
"37274",38.288978547487,-4.74631942762746,0.92743965085778,-5.11765851636561,3.09352040047644e-07,1.67241193212237e-06,"ENSG00000231298","lncRNA","MANCR"
"37280",55.7080033226746,2.67271520601843,0.78890169021881,3.38789387721698,0.000704315096900217,0.00206639188929264,"ENSG00000204682","lncRNA","MIR1915HG"
"37282",5.65872230370737,2.49629033773139,1.25521177180657,1.98874038134504,0.0467298663416882,0.0820115342511997,"ENSG00000260475","lncRNA","SLC25A28-DT"
"37292",86.6691166492375,-5.73558312031082,0.889117881146527,-6.45086916137006,1.11210482153031e-10,9.90114820473774e-10,"ENSG00000226051","lncRNA","ZNF503-AS1"
"37295",13.1440308001019,-2.14386822405937,1.08126406170473,-1.9827425140528,0.0473961981413237,0.0829038772214933,"ENSG00000224596","lncRNA","ZMIZ1-AS1"
"37298",6.06286453977291,-6.16455836954756,2.44821562249701,-2.51798016191896,0.0118029968694584,0.0253463893421217,"ENSG00000185904","lncRNA","LINC00839"
"37301",42.1270622031092,2.74090818789924,0.566712577138315,4.83650495589808,1.32141979736128e-06,6.40816072144308e-06,"ENSG00000226688","lncRNA","ENTPD1-AS1"
"37304",29.0302435041429,-8.42121805695214,1.75158730085027,-4.80776382248504,1.52627927331691e-06,7.3376884532187e-06,"ENSG00000232229","lncRNA","LINC00865"
"37314",20.1101854468645,-6.44613892471689,1.62083034423512,-3.97705962727323,6.9772673893412e-05,0.000249401912037959,"ENSG00000229124","lncRNA","VIM-AS1"
"37316",3.50483707199896,-5.37623954869012,2.15196115462437,-2.49829767472199,0.0124791355296492,0.026564694884937,"ENSG00000237797","lncRNA","MACORIS"
"37348",24.1090579511288,2.71703238163572,0.687474227754909,3.95219525611711,7.74375132347173e-05,0.000274648073255437,"ENSG00000232656","lncRNA","IDI2-AS1"
"37485",68.579694214762,-2.2509202445184,0.45986952984152,-4.89469316502467,9.84592257442039e-07,4.88626731755873e-06,"ENSG00000256751","lncRNA","PLBD1-AS1"
"37572",50.4005814951268,1.85921496666838,0.512925945795404,3.62472396241383,0.000289270250216486,0.000917770215888624,"ENSG00000245648","lncRNA","KLRK1-AS1"
"37673",11.6690836058412,4.49786048725752,1.26502518664275,3.5555501461551,0.000377188990938856,0.00117199361469457,"ENSG00000257906","lncRNA","LINC02156"
"37745",11.5490299412759,6.08386835968318,1.51517938760213,4.01527925304691,5.93754499716274e-05,0.000215166425541714,"ENSG00000258096","lncRNA","SLC38A2-AS1"
"37783",3.73360588385293,-3.97817969572077,1.95641934485991,-2.03339826207128,0.0420123027935696,0.0751925658551662,"ENSG00000255970","lncRNA","LINC02421"
"37833",6.99218430467412,-6.34903462569978,1.90177434743765,-3.33847947536685,0.00084238253297951,0.0024256956311798,"ENSG00000203585","lncRNA","LINC02408"
"37854",3.92366400781156,-5.52895489216761,2.30504106357858,-2.39863618029602,0.0164562561121341,0.0337817511682474,"ENSG00000283422","lncRNA","LINC02452"
"37893",40.8534247462895,-2.03654745089209,0.690522787049649,-2.94928348359583,0.0031851166613726,0.00798306527511332,"ENSG00000246985","lncRNA","SOCS2-AS1"
"37896",13.0772488999578,2.46749357206143,1.10053739307515,2.24208063041519,0.0249561616161741,0.0483572327466226,"ENSG00000258057","lncRNA","BCDIN3D-AS1"
"38086",6.43958579460168,-6.25012925170355,1.9055530674709,-3.27995549344574,0.00103823463811359,0.00292905303733801,"ENSG00000257718","lncRNA","CPNE8-AS1"
"38242",2.37704966142746,-4.81873990463681,2.42324895841233,-1.98854512571171,0.0467514334262957,0.0820131827095641,"ENSG00000189238","lncRNA","LINC00943"
"38276",187.288381161603,-11.1037143191965,1.65821978463668,-6.69616562416625,2.13959218090298e-11,2.11234444791454e-10,"ENSG00000256643","lncRNA","LINC02441"
"38307",11.6966308609913,-7.10308173670802,1.86117208811275,-3.81645619020143,0.000135382099668395,0.000458986382734939,"ENSG00000256193","lncRNA","LINC00507"
"38346",9.36752956176043,1.88859408975951,0.960096709695082,1.96708734723121,0.0491731416941932,0.08565673821688,"ENSG00000278916","lncRNA","CEP83-DT"
"38387",10.7869443740105,-6.97908927663538,1.80379721957627,-3.86910967646065,0.000109233500548102,0.000376620113200472,"ENSG00000249345","lncRNA","LINC02405"
"38393",11.0835614832701,6.02252307410758,1.52647059896356,3.94539081080026,7.96699305355527e-05,0.000281936039479641,"ENSG00000257817","lncRNA","TBX3-AS1"
"38430",12.4270227259306,-4.76269410205757,1.75236548663428,-2.71786572971438,0.00657044955971173,0.0151463746952984,"ENSG00000257859","lncRNA","CASC18"
"38649",24.1260618314779,-5.66478986179653,1.35629403220074,-4.1766679844523,2.9581030654711e-05,0.000113554436434657,"ENSG00000235049","lncRNA","LINC00940"
"38693",3.54198256295253,-5.38869870311636,2.23858918206907,-2.40718517996934,0.0160760160200189,0.0330656715581365,"ENSG00000255737","lncRNA","AGAP2-AS1"
"38722",5.47792753926601,5.99593528044336,1.91017483021853,3.13894581039863,0.00169556800293245,0.00454574251898787,"ENSG00000257097","lncRNA","CLIP1-AS1"
"38765",151.956133945927,-1.80482619093651,0.352980328686457,-5.1131070041574,3.16902662985048e-07,1.71156957375061e-06,"ENSG00000177406","lncRNA","NINJ2-AS1"
"38777",8.04577273181698,4.0786879498324,1.52615778430278,2.67252049020327,0.00752837766596965,0.0170648541148071,"ENSG00000255650","lncRNA","FAM222A-AS1"
"38783",26.4328002287685,2.16088002756682,0.632252933310796,3.41774614828808,0.000631419692359254,0.00187424135127,"ENSG00000221949","lncRNA","LINC01465"
"38784",55.8239610340549,1.11866363318987,0.556989134737261,2.00841194813891,0.0445995342793234,0.0788876078355601,"ENSG00000257354","lncRNA","MIRLET7IHG"
"38865",19.0511087981952,3.202109855068,0.847242818681298,3.77944762052037,0.000157176651505237,0.000526146666832122,"ENSG00000257839","lncRNA","PHLDA1-DT"
"38970",152.020230071466,8.3726545599595,0.950518263903282,8.8085151836824,1.26814390532892e-18,2.79664920992149e-17,"ENSG00000197301","lncRNA","HMGA2-AS1"
"38993",1428.89662080797,-3.83338833806478,0.307973694894018,-12.4471290945285,1.44966434969527e-35,1.12383310630554e-33,"ENSG00000180861","lncRNA","LINC01559"
"39124",21.4934134243812,-2.66018180024103,0.965104904409797,-2.75636543559774,0.00584476564711851,0.0136693842626013,"ENSG00000276718","lncRNA","VAMP1-AS1"
"39161",3.06735168277016,5.1588102606957,2.30558566148908,2.23752704003366,0.0252519140709905,0.0488283207468726,"ENSG00000255966","lncRNA","GAPDH-DT"
"39300",2.94252635322001,5.09825961378,2.34321881331751,2.17575054655776,0.0295739183593186,0.0559722354204826,"ENSG00000255992","lncRNA","PUS1-AS1"
"39388",3.74598324804576,4.40362254100498,1.93886114897899,2.27124182839186,0.0231323425679805,0.045318613685025,"ENSG00000258334","lncRNA","TROAP-AS1"
"39447",27.7431752093595,-2.58464079474619,0.688021459608368,-3.75662816711765,0.000172218088641815,0.000571684354125756,"ENSG00000257660","lncRNA","ADCY6-DT"
"39547",34.075822966425,2.31413366566122,0.765878633263994,3.02154096635251,0.00251491607119144,0.00645986425263764,"ENSG00000257497","lncRNA","GLIPR1-AS1"
"39553",24.25060854287,-5.69915952419052,1.73890718548099,-3.27743744564153,0.00104753938932719,0.00295171294364331,"ENSG00000236333","lncRNA","TRHDE-AS1"
"39653",21.076165755105,4.10071965723707,0.914666692711018,4.48329395824262,7.34995688892365e-06,3.15090342229874e-05,"ENSG00000258136","lncRNA","PRDM4-AS1"
"39668",4.40058764882798,5.67807903553492,2.07805026926117,2.73240696797662,0.00628734250411519,0.0145697776213181,"ENSG00000282977","lncRNA","PCBP2-OT1"
"39851",197.938078081187,-2.14086606948961,0.687174072520269,-3.11546397790853,0.00183655778633451,0.00487210368425085,"ENSG00000212694","lncRNA","LINC01089"
"39904",2.86534775018954,-5.08405918045413,2.28253567656887,-2.22737336929451,0.0259223307115561,0.0499200377825435,"ENSG00000236617","lncRNA","CHFR-DT"
"39919",8.39429645834466,-2.43507042994458,1.05057504665172,-2.31784529596945,0.0204577303711142,0.0407766696562811,"ENSG00000256232","lncRNA","LINC02387"
"39942",10.3608287010797,-6.92934641965716,2.09398131687391,-3.30917299205034,0.000935720019065659,0.002664963554095,"ENSG00000205056","lncRNA","LINC02397"
"39944",16.0402202154996,-6.11920444076449,1.65195987147354,-3.70420888935164,0.000212051469149852,0.000691054383830157,"ENSG00000250208","lncRNA","FZD10-AS1"
"39950",10.1262885422224,-5.45691569219108,2.14667485074727,-2.54203178012333,0.0110210152217049,0.0238530114810847,"ENSG00000246363","lncRNA","LINC02458"
"39952",7.41657973132033,5.4141643400775,1.66262955515912,3.25638644115125,0.00112840057857644,0.00315116561332139,"ENSG00000256268","lncRNA","LINC02454"
"39956",62.2713088217585,1.18649929204356,0.582216964211488,2.03789886756472,0.0415600478832355,0.0744693338036523,"ENSG00000205885","lncRNA","C1RL-AS1"
"39958",80.007973531667,-1.07097841060059,0.419991694421911,-2.54999902337288,0.0107723220846736,0.0233747462917942,"ENSG00000258056","lncRNA","CD63-AS1"
"39960",4.37081954549235,4.63551019608719,1.86198070144308,2.48955866862345,0.0127901806979969,0.02713977840557,"ENSG00000250166","lncRNA","C2CD5-AS1"
"39976",193.329216253159,-5.71320688914781,0.717366135134877,-7.96414356536865,1.66372008889748e-15,2.68423152429598e-14,"ENSG00000255474","lncRNA","GAU1"
"40014",11.8459828032626,4.2054713185098,1.1570547916309,3.63463454706589,0.000278374951928065,0.000886892232822044,"ENSG00000215241","lncRNA","LINC02449"
"40042",6.06773217555754,-6.15506702132398,1.88521269018657,-3.26491915387799,0.00109495324246637,0.00306822832169568,"ENSG00000255920","lncRNA","CCND2-AS1"
"40057",2.9228420397108,5.0889963971848,2.34511163575575,2.1700444105062,0.0300034817597904,0.056573638269426,"ENSG00000257137","lncRNA","LINC02874"
"40060",9.97357241430851,5.8674251335609,1.55932023158042,3.76280959788105,0.000168015118041285,0.000559066086825324,"ENSG00000257671","lncRNA","KRT7-AS"
"40216",7.57525177313115,5.46155980815609,1.63828125222023,3.33371318310241,0.000856949739231103,0.00246381902815504,"ENSG00000257913","lncRNA","DDN-AS1"
"40240",13.5209320975004,-4.26220311720623,1.48397088475737,-2.87216087659503,0.00407675371315472,0.00994415505065149,"ENSG00000257599","lncRNA","OVCH1-AS1"
"40245",11.0548850097899,-2.36633407467163,1.01657527275138,-2.32775096748823,0.0199253310614692,0.0398807543165587,"ENSG00000256546","lncRNA","LINC02985"
"40247",13.5650981797672,-4.19035554069806,1.42047805319407,-2.94996148041547,0.00317813550202379,0.00796996658468409,"ENSG00000245904","lncRNA","BTG1-DT"
"40250",197.998426496662,-11.1869365126951,1.53805684555702,-7.27342200973311,3.50493185076868e-13,4.28584175477782e-12,"ENSG00000241388","lncRNA","HNF1A-AS1"
"40256",284.979441259656,-1.01949477384822,0.289211160355368,-3.52508794126589,0.00042334222706871,0.00130116372408054,"ENSG00000273015","lncRNA","LINC00938"
"40257",8.49816884153235,-4.15765961156824,1.43273666958216,-2.90190074689773,0.00370906035090904,0.00914483155795087,"ENSG00000245017","lncRNA","LINC02453"
"40261",500.190097137928,-2.12994721985206,0.308370025395611,-6.9071149737058,4.94609069394355e-12,5.30665574800089e-11,"ENSG00000234608","lncRNA","MAPKAPK5-AS1"
"40265",39.9198284440359,-2.08656069907127,0.556663367652046,-3.74833484709473,0.000178012495151987,0.000588882176699743,"ENSG00000257698","lncRNA","GIHCG"
"40266",23.9711375225967,-3.83917504098984,1.03176440305775,-3.72098032226352,0.000198450903214925,0.000650080871866123,"ENSG00000251301","lncRNA","LINC02384"
"40269",122.019434288467,-3.37250987368475,0.413972482984399,-8.14670059558486,3.73988128678647e-16,6.49716829541537e-15,"ENSG00000215039","lncRNA","CD27-AS1"
"40279",20.8716142915886,-2.81065731377387,1.28872997900366,-2.18095129279669,0.0291870192710139,0.0553491369127546,"ENSG00000255760","lncRNA","LINC02422"
"40286",16.490078274315,-2.95647941739535,1.3613717899097,-2.17169140664466,0.0298789471441756,0.0564190907096514,"ENSG00000256262","lncRNA","USP30-AS1"
"40288",309.358368104925,2.0851684346802,0.495367910353868,4.20933288389765,2.56125801458568e-05,9.93898101002986e-05,"ENSG00000248008","lncRNA","NRAV"
"40291",97.8007466858044,-5.89816926853769,0.844054501234122,-6.98790097074747,2.7902921835118e-12,3.09388931312019e-11,"ENSG00000247774","lncRNA","PCED1B-AS1"
"40296",110.701493305104,-1.99197870260385,0.499935802146713,-3.98446899391949,6.76311865645638e-05,0.000242619689775506,"ENSG00000257084","lncRNA","MIR200CHG"
"40331",37.6285024546,-3.82861652448851,0.663382377779616,-5.7713569921817,7.86356794570417e-09,5.37189394935917e-08,"ENSG00000250742","lncRNA","LINC02381"
"40384",104.716274802034,4.81866581348682,0.561852013240452,8.57639680900212,9.78914154889024e-18,1.97707981456578e-16,"ENSG00000281344","lncRNA","HELLPAR"
"40464",33.8267878233805,2.78662604972019,0.656566672655099,4.24423926126393,2.19336231953329e-05,8.61101237338568e-05,"ENSG00000245614","lncRNA","DDX11-AS1"
"40480",4.7051301721537,-4.29284193912708,1.95865789011075,-2.19172626358162,0.0283992781491115,0.0540394031292167,"ENSG00000237248","lncRNA","LINC00987"
"40503",7.42610235218635,-6.45884111307818,2.07654729491372,-3.11037515442023,0.00186849863945428,0.00494740611118372,"ENSG00000224511","lncRNA","LINC00365"
"40526",4.37396486273941,2.97633161409989,1.45329798357535,2.04798441044942,0.040561526959834,0.0728913189655285,"ENSG00000275294","lncRNA","LINC02340"
"40536",9.16611257423424,2.99865704859498,1.13264393189098,2.64748431891446,0.00810931205788577,0.0182331769173549,"ENSG00000260388","lncRNA","LINC00562"
"40561",7.78770797227522,3.051452846109,1.30367654397634,2.34065179757072,0.0192501111826233,0.0386711306715453,"ENSG00000234772","lncRNA","LINC00412"
"40602",5.22827688016572,5.92799283248432,1.92797187045886,3.0747299394329,0.00210693239623401,0.00550333510273006,"ENSG00000232162","lncRNA","USP12-AS1"
"40610",6.27921300859968,6.1924945074463,1.82630080464057,3.39073086520653,0.000697065171415607,0.00204706349959563,"ENSG00000227528","lncRNA","DIAPH3-AS1"
"40704",71.7004977064255,2.17312846754798,0.455520584317464,4.77064822614794,1.83633995350458e-06,8.72136130477577e-06,"ENSG00000227354","lncRNA","RBM26-AS1"
"40786",19.4437787535573,6.84519642861077,1.4159990223849,4.83418160634161,1.3369449558235e-06,6.47329768015378e-06,"ENSG00000234650","lncRNA","PCCA-AS1"
"40787",148.227481718243,4.19205167457266,0.945386768092894,4.43421868811342,9.24067912155329e-06,3.88661539416578e-05,"ENSG00000215417","lncRNA","MIR17HG"
"40793",109.1629874572,-2.71774748462361,0.466341561080277,-5.82780457810358,5.61612881444383e-09,3.91147349936902e-08,"ENSG00000260704","lncRNA","LINC00543"
"40826",6.36343305166424,-4.76096978067079,1.76901514209364,-2.69131092627967,0.00711718284646247,0.0162479136904189,"ENSG00000281721","lncRNA","LINC01080"
"40841",6.27971713763361,-3.6762184879896,1.56576062543798,-2.34788027509715,0.0188805890912166,0.0380331264474269,"ENSG00000230731","lncRNA","LINC02938"
"40945",2.88347341269237,5.07028173667047,2.3690760266683,2.14019376313598,0.0323391110017749,0.060242958386238,"ENSG00000223617","lncRNA","LINC00370"
"40990",49.7908739215952,6.03476801279386,0.975512663694841,6.18625286722229,6.16111503983131e-10,4.96726514118034e-09,"ENSG00000275216","lncRNA","LINC03061"
"41029",49.7910652415479,7.31174749239121,1.15465714758329,6.33239703031743,2.41381376275012e-10,2.05817557693317e-09,"ENSG00000233532","lncRNA","LINC00460"
"41193",284.881638864358,3.31891765241474,0.389424815805004,8.5226146812293,1.55991068115832e-17,3.09656734431648e-16,"ENSG00000176124","lncRNA","DLEU1"
"41203",6.03916287318218,5.12261421109553,1.72178095648486,2.97518345280907,0.00292813378899328,0.00739969958062944,"ENSG00000205861","lncRNA","PCOTH"
"41276",9.86197619183184,4.90398449174165,1.39731245826788,3.50958331669116,0.000448809423278057,0.00137186326845158,"ENSG00000261105","lncRNA","LMO7-AS1"
"41300",7.86209963375779,6.5164203648298,1.71618735530029,3.79703319961216,0.000146438183410161,0.00049328504992595,"ENSG00000223815","lncRNA","DIAPH3-AS2"
"41327",14.2950013545666,2.94563906603472,0.920140211139468,3.20129370543099,0.00136812001283148,0.00374654610618056,"ENSG00000275880","lncRNA","NAXD-AS1"
"41464",70.5906806739207,2.7703972679314,0.565633227398925,4.89786867838567,9.68817441611915e-07,4.81484968169664e-06,"ENSG00000229152","lncRNA","ANKRD10-IT1"
"41485",6.72570680279212,6.29035104196091,1.81798079537314,3.46007562784502,0.000540023695095896,0.00162598494733038,"ENSG00000236051","lncRNA","MYCBP2-AS1"
"41600",6.35795026263653,6.20970620178039,1.82526702859951,3.40208095828311,0.000668748241306838,0.00197325146172603,"ENSG00000233613","lncRNA","DCUN1D2-AS"
"41608",105.178823964601,2.17436918419514,0.620505198233916,3.50419173019636,0.000457995484420237,0.00139794607665054,"ENSG00000281026","lncRNA","N4BP2L2-IT2"
"41614",30.6716060872637,-7.04378294599207,1.57590189173044,-4.46968366682875,7.83353668147668e-06,3.33764787786555e-05,"ENSG00000238121","lncRNA","LINC00426"
"41635",5.80225805501175,2.98860759980712,1.29614376166418,2.30576861008837,0.0211235650701929,0.041890404693497,"ENSG00000226352","lncRNA","PSPC1-AS2"
"41703",26.5289070874924,-2.08041168714133,0.911863134624707,-2.28149555360362,0.0225191395233418,0.0442950153420118,"ENSG00000226519","lncRNA","LINC00390"
"41744",32.7003335425346,-3.76917044700359,0.775077133403674,-4.86296174220964,1.15642205212676e-06,5.66826032630148e-06,"ENSG00000237361","lncRNA","TUSC8"
"41748",5.41705500301007,-3.42414049086265,1.67370664095557,-2.04584268657003,0.0407718507191068,0.0732267280177762,"ENSG00000235366","lncRNA","LINC01055"
"41749",39.696889674146,1.99434254928324,0.536277851925358,3.71886055357889,0.000200123486434508,0.00065502019886614,"ENSG00000228889","lncRNA","UBAC2-AS1"
"41754",22.1740667665708,-8.0321861967429,1.60433901170239,-5.00653922777818,5.54173719403657e-07,2.87853840700321e-06,"ENSG00000272143","lncRNA","FGF14-AS2"
"41756",245.833617909494,1.37689177375817,0.41731770776806,3.29938497247626,0.000968969290911264,0.0027489688415241,"ENSG00000274605","lncRNA","PCCA-DT"
"41759",226.83939266885,-5.30279927225525,0.653232594813503,-8.11778119211762,4.74783801034096e-16,8.13651968385464e-15,"ENSG00000227258","lncRNA","SMIM2-AS1"
"41767",3.41542390941652,5.31312554157105,2.22677877645638,2.38601409252973,0.0170320983767375,0.0348390658476394,"ENSG00000229918","lncRNA","DOCK9-AS1"
"41786",5.84038819957276,-4.62062776279155,1.86623481117426,-2.47590910593088,0.0132897407022973,0.0280329523636226,"ENSG00000235532","lncRNA","LINC00402"
"41803",141.224901902824,4.24427500770709,0.619595784550929,6.85007082606809,7.3813434416263e-12,7.73748283705844e-11,"ENSG00000231607","lncRNA","DLEU2"
"41834",2.9228420397108,5.0889963971848,2.34511163575575,2.1700444105062,0.0300034817597904,0.056573638269426,"ENSG00000230300","lncRNA","STARD13-IT1"
"41835",76.5910861668859,4.28194056696314,0.520643562875484,8.224322496785,1.96297265404373e-16,3.50201871376225e-15,"ENSG00000236581","lncRNA","STARD13-AS"
"41923",9.32975992806012,-6.78157551378439,2.04745879569048,-3.31219144827643,0.000925681748515301,0.00264015666560047,"ENSG00000257185","lncRNA","LINC02293"
"41997",23.3588658613346,-8.10507236226698,1.59580393870037,-5.07899007246956,3.79446535703196e-07,2.02461206578904e-06,"ENSG00000257842","lncRNA","NOVA1-DT"
"42009",20.0894568174682,-7.8821215905242,1.7326538602755,-4.54916112862317,5.38601916842834e-06,2.36283574206383e-05,"ENSG00000258700","lncRNA","LINC00871"
"42023",73.6759673589868,9.74509717358109,1.29045656976183,7.55166613269258,4.29724930084799e-14,5.89727540887083e-13,"ENSG00000235269","lncRNA","LINC02331"
"42057",12.0944359286258,4.18144634726793,1.10416031350947,3.7869920663763,0.000152481966818165,0.000511788181849584,"ENSG00000250548","lncRNA","LINC01303"
"42084",4.89988896702856,5.83467018856887,1.96909301576997,2.96312573445767,0.00304532146927041,0.00766730068855298,"ENSG00000258553","lncRNA","PCNX4-DT"
"42207",10.3500439876289,-2.79586814594457,1.36778144950811,-2.04408982659477,0.0409446739981448,0.0734830245130439,"ENSG00000258791","lncRNA","LINC00520"
"42256",3.74381182255367,5.44528849861169,2.1670190664814,2.5128013790175,0.0119776749225333,0.0256364431876509,"ENSG00000258766","lncRNA","DIO2-AS1"
"42530",6.54399995820641,5.24352552743893,1.69284097897787,3.09747081536563,0.00195179613650185,0.00514446806278843,"ENSG00000237054","lncRNA","PRMT5-AS1"
"42534",10.6277664710535,3.42703430332182,1.24318989100086,2.75664588984294,0.00583975553883872,0.0136611109020274,"ENSG00000258457","lncRNA","AJUBA-DT"
"42699",7.18569176031415,-6.41060455019307,1.92054061017336,-3.33791668670543,0.000844090544337832,0.0024298597372224,"ENSG00000258810","lncRNA","LINC03058"
"42725",240.750808084892,2.42240415265312,0.586186794718291,4.13247820401221,3.58872807125992e-05,0.000135427648747437,"ENSG00000258441","lncRNA","LINC00641"
"42738",55.3623513446615,3.83578443137727,0.631581533032299,6.07330048578401,1.2530766029359e-09,9.63380523102459e-09,"ENSG00000246451","lncRNA","KLC1-AS1"
"42785",15.5832897389218,-7.52244484587181,1.63988029425748,-4.58719143843233,4.4924870033884e-06,2.00016646602628e-05,"ENSG00000258630","lncRNA","LINC02292"
"42830",190.579061221622,-11.1315578721362,1.67215738913135,-6.65700366753088,2.79466217009893e-11,2.7072134652288e-10,"ENSG00000214548","lncRNA","MEG3"
"42845",4.00806353767875,-5.5707622357539,2.38345783414206,-2.33726066220053,0.0194256346460374,0.0389843407725604,"ENSG00000225746","lncRNA","MEG8"
"43292",7.8522800859905,4.55118298616904,1.50931841771056,3.01538955118072,0.00256649393684167,0.00657293574641028,"ENSG00000259083","lncRNA","PNN-AS1"
"43408",10.2069031012311,6.89278941891068,1.61407722356823,4.27042109154656,1.95104242736514e-05,7.72616132555481e-05,"ENSG00000259116","lncRNA","HSPA2-AS1"
"43659",23.5349970504757,1.24431050516234,0.629142505279765,1.97778801260459,0.0479526263763214,0.0837613471837947,"ENSG00000251602","lncRNA","MTA1-DT"
"43695",7.63174380701982,-6.48268926324148,1.8735803551425,-3.4600540326163,0.000540067006328268,0.00162598494733038,"ENSG00000258819","lncRNA","LINC02289"
"43852",29.4778756853233,-3.22643918531044,0.748979818285327,-4.30777853627201,1.6490236998066e-05,6.62441954233797e-05,"ENSG00000259319","lncRNA","JDP2-AS1"
"43858",26.5935505155808,-8.29510736777363,1.67697984874794,-4.94645619860424,7.55767236541125e-07,3.82710297674237e-06,"ENSG00000246223","lncRNA","LINC01550"
"43873",10.1254006729471,-6.90583004065086,1.846251116,-3.7404608619074,0.000183683147859346,0.000605482137637505,"ENSG00000258708","lncRNA","SLC25A21-AS1"
"43903",5.24075847903646,4.00828630152935,1.75407016158883,2.28513453412755,0.022304940409063,0.0439264645149046,"ENSG00000259091","lncRNA","LINC00517"
"43948",15.1692969911608,2.64939992418829,0.826075117181254,3.20721429454092,0.00134027116571998,0.00367933387385606,"ENSG00000258537","lncRNA","FRMD6-AS2"
"43953",13.3069039625249,7.27479954291522,1.5607747726504,4.66101814969861,3.14648972326269e-06,1.43252012903851e-05,"ENSG00000259023","lncRNA","LINC00524"
"43963",9.2637912514752,2.43763061695146,1.05077680361687,2.31983672323266,0.0203497116630383,0.0406191512080628,"ENSG00000258813","lncRNA","RBM25-AS1"
"43968",3.8691914123161,-5.52028613677132,2.24231875404285,-2.46186503449537,0.0138216667451618,0.0290468658293267,"ENSG00000258376","lncRNA","PAPLN-AS1"
"44012",73.191256105437,-8.31049086678171,1.73356457390332,-4.79387442030479,1.63590701053668e-06,7.83091297045863e-06,"ENSG00000224721","lncRNA","FLVCR2-AS1"
"44030",363.11869219021,-3.17589970771413,0.561144380776084,-5.65968370443581,1.51652236439142e-08,9.92623093212077e-08,"ENSG00000258498","lncRNA","DIO3OS"
"44041",5.88484753442142,3.59305920860562,1.67818605151152,2.14103746445121,0.0322710169617966,0.0601684647326161,"ENSG00000258884","lncRNA","LINC02321"
"44051",95.9365972162832,-10.1418643377306,1.5364861250024,-6.60068722567524,4.0925617365134e-11,3.87547076178647e-10,"ENSG00000226777","lncRNA","FAM30A"
"44054",28.9612568499905,7.42564002280702,1.35129019697598,5.49522229897376,3.90218549572891e-08,2.40428878750567e-07,"ENSG00000285774","lncRNA","SAMD4A-AS1"
"44056",45.3976028340273,-3.42059649098524,0.769791170373026,-4.44353822521462,8.84914256975694e-06,3.73491790808167e-05,"ENSG00000259065","lncRNA","MIDEAS-AS1"
"44062",31.2045957393109,2.35529158942721,0.864274416830753,2.72516638646315,0.00642690900066242,0.0148462238045681,"ENSG00000257285","lncRNA","PRMT5-DT"
"44064",21.6621852506796,-5.53465348353111,1.33766052430385,-4.13756209663993,3.51015469948862e-05,0.000132822726636938,"ENSG00000259070","lncRNA","LINC00639"
"44065",9.12601638332354,-3.66030076276233,1.20056151130454,-3.04882401134535,0.00229739022277227,0.00595711413363857,"ENSG00000258733","lncRNA","LINC02328"
"44067",162.888670042515,1.26177671449227,0.495418612671726,2.54689000820474,0.0108687684856838,0.0235564750194741,"ENSG00000247092","lncRNA","SNHG10"
"44069",273.555244523997,-1.52206360664138,0.29103547443997,-5.22982158642427,1.69673707732718e-07,9.52054225788159e-07,"ENSG00000215256","lncRNA","DHRS4-AS1"
"44087",2.46130883022208,-4.86260851387916,2.30998895393816,-2.10503539663651,0.0352882269959106,0.0649627361769538,"ENSG00000258867","lncRNA","HISLA"
"44113",10.2686180928622,3.92528412549962,1.13346144984659,3.46309451109333,0.000534000791440062,0.00160928814581141,"ENSG00000258689","lncRNA","LINC01269"
"44114",55.8230660489077,1.26098104785735,0.531006308307228,2.37470069212017,0.0175631854847622,0.0357206237376802,"ENSG00000259153","lncRNA","MAP3K9-DT"
"44181",3.6460377444495,-5.40547470549811,2.34821437281855,-2.30195111999504,0.0213379288690346,0.0422402659046946,"ENSG00000259905","lncRNA","PWRN1"
"44419",36.2515239557333,-1.51279170028754,0.529106107013894,-2.85914617169182,0.00424783000856408,0.0103106015147695,"ENSG00000270964","lncRNA","MAP2K5-DT"
"44439",38.0472589540134,3.75575216105499,0.900249828394452,4.17189989111486,3.02070354759595e-05,0.000115718101077967,"ENSG00000281183","lncRNA","NPTN-IT1"
"44512",83.2847460807893,-8.49607630358077,1.61147594097888,-5.27223279450259,1.34773974323333e-07,7.68468444866353e-07,"ENSG00000259459","lncRNA","LINC02568"
"44513",16.2571450746521,-2.13213208286105,0.767820966690069,-2.77686098108557,0.0054886649192615,0.0129486338363963,"ENSG00000285331","lncRNA","TCF12-DT"
"44559",49.728305866523,3.92606427195867,0.65451720072288,5.99841267368151,1.99255624466834e-09,1.48274954131991e-08,"ENSG00000259248","lncRNA","USP3-AS1"
"44619",42.9959248332107,3.37791105894195,0.59967977001815,5.6328581149898,1.77247278788833e-08,1.14845450739506e-07,"ENSG00000245534","lncRNA","RORA-AS1"
"44703",4.1071809028548,-5.605481507019,2.16685457933477,-2.58692095006204,0.00968378054728229,0.0213188917462139,"ENSG00000258754","lncRNA","LINC01579"
"44764",4.83471143829534,-3.29841059443336,1.5318707314224,-2.15319121044284,0.0313036541768059,0.0586415986641058,"ENSG00000258483","lncRNA","LINC02251"
"44777",18.5385359498539,6.77609883720505,1.41988800830714,4.77227696660657,1.8215477396962e-06,8.66293491857229e-06,"ENSG00000259664","lncRNA","LINC02254"
"45106",42.140487464728,-3.30891801905316,0.646528477916325,-5.11797721535386,3.08829899654194e-07,1.67023803678117e-06,"ENSG00000259354","lncRNA","SLC30A4-AS1"
"45320",18.1060971761843,3.10447097522638,0.936754354203367,3.31407157201471,0.000919479680502211,0.00262327411461374,"ENSG00000259426","lncRNA","KIF23-AS1"
"45388",17.549964423485,-3.87722292904148,1.02740837274058,-3.77378949978682,0.000160786441345731,0.000537196572520174,"ENSG00000259448","lncRNA","LINC02352"
"45428",11.1019275885148,-3.480272270532,1.09083384039804,-3.19046965875396,0.00142041754813966,0.003876411137701,"ENSG00000189419","lncRNA","SPATA41"
"45552",14.4523436127282,2.06634888404101,0.906440327156123,2.27963035418338,0.0226296211040993,0.0444864626681742,"ENSG00000260898","lncRNA","ADPGK-AS1"
"45595",15.0628966297721,3.95638106191911,1.03533981351849,3.82133576846986,0.000132730792079414,0.00045082141498196,"ENSG00000259488","lncRNA","DUT-AS1"
"45626",79.0032401432691,-2.89961349554968,0.653820456321824,-4.43487729316691,9.21247465465596e-06,3.87533830280729e-05,"ENSG00000259291","lncRNA","ZNF710-AS1"
"45713",5.19396075382731,3.99786831945528,1.59007301893541,2.51426712600403,0.0119280048701354,0.0255556815658767,"ENSG00000241818","lncRNA","SCG5-AS1"
"45862",27.2327367415357,-8.32381273401771,1.66510379857935,-4.99897528377482,5.763578933888e-07,2.98374563446869e-06,"ENSG00000259237","lncRNA","LINC02490"
"45865",4.58804989342616,-5.76189058615093,2.20217296458686,-2.61645687182972,0.00888475876219429,0.0197580280551841,"ENSG00000258476","lncRNA","LINC02207"
"45866",11.5883985682943,6.08861197885524,1.5135427426853,4.02275522662343,5.75212676895486e-05,0.000209100627098724,"ENSG00000175746","lncRNA","LINC02915"
"45889",16.3702785294778,2.7864793996111,0.83744392222325,3.32736237695002,0.000876722824692566,0.00251754776455002,"ENSG00000259883","lncRNA","EHD4-AS1"
"45895",47.6211731045083,3.42560420555579,0.765480930831325,4.47510064272342,7.6375328216512e-06,3.26162614637678e-05,"ENSG00000259498","lncRNA","TPM1-AS"
"45978",13.8785860798643,2.74666231204566,1.34335897155527,2.04462274805499,0.0408920650390972,0.0734290776132233,"ENSG00000180953","lncRNA","ST20"
"46003",147.755009052285,-1.47120731521424,0.698892191474731,-2.10505616339745,0.035286419480038,0.0649627361769538,"ENSG00000245849","lncRNA","RAD51-AS1"
"46079",6.5961144261547,3.21257219488151,1.24980497502838,2.57045879882864,0.0101563907089113,0.022193978472025,"ENSG00000258384","lncRNA","RCCD1-AS1"
"46083",22.23845233392,4.31855228741762,0.92195833083881,4.684107885319,2.81181886786393e-06,1.29241504395575e-05,"ENSG00000258725","lncRNA","PRC1-AS1"
"46108",33.1892394534109,-3.47386595419275,0.753281505304189,-4.61164376097345,3.99497219080566e-06,1.79300227450915e-05,"ENSG00000251209","lncRNA","LINC00923"
"46109",3.73292855618648,-5.46698738588144,2.72127414160177,-2.00898075732404,0.0445391744868258,0.078807919457235,"ENSG00000259134","lncRNA","LINC00924"
"46111",19.1798022352981,-1.99619018741846,0.764016071720436,-2.61275941869047,0.0089814500802399,0.0199475490530011,"ENSG00000259343","lncRNA","TMC3-AS1"
"46112",60.9560506140046,-7.03627383558218,1.11664553764166,-6.30125997766731,2.95235704204237e-10,2.49217618553477e-09,"ENSG00000256802","lncRNA","LCIIAR"
"46114",17.4977779378407,-6.24977332612445,1.81049533130891,-3.45196876128156,0.000556512153030217,0.00167151842553248,"ENSG00000248441","lncRNA","LETR1"
"46118",33.2365417721737,-8.6162425373741,1.70848531852836,-5.04320548964148,4.57797156187521e-07,2.40895304478255e-06,"ENSG00000259772","lncRNA","LINC03034"
"46124",74.1046818372999,3.9151131515288,0.759584042295077,5.15428567943492,2.54599556762854e-07,1.3942857662863e-06,"ENSG00000247809","lncRNA","NR2F2-AS1"
"46125",70.2756849072408,-3.05663488015385,0.545063176673782,-5.60785430196696,2.04850358249249e-08,1.31182474009086e-07,"ENSG00000245750","lncRNA","DRAIC"
"46126",86.585018957009,-1.95818204595002,0.535684876484184,-3.65547382782578,0.000256707398213547,0.000823564680078528,"ENSG00000248508","lncRNA","SRP14-DT"
"46129",309.514375913787,-1.887229806544,0.335031900122154,-5.63298541379466,1.77116443704177e-08,1.14822449213393e-07,"ENSG00000261183","lncRNA","SPINT1-AS1"
"46134",20.3822270794478,-1.45201058622469,0.702206935333085,-2.06778160847407,0.0386605638723127,0.0699858301762934,"ENSG00000261801","lncRNA","LOXL1-AS1"
"46137",550.248076782951,2.32262023451735,0.685612300656882,3.38765834902912,0.000704920128721741,0.00206794899361809,"ENSG00000244879","lncRNA","GABPB1-AS1"
"46147",8.57010890264228,-4.16785715156127,1.42469494456457,-2.9254382964313,0.0034397138225866,0.00855578473468653,"ENSG00000258647","lncRNA","LINC00930"
"46179",163.454788825271,-3.18652691913358,0.720092107047071,-4.42516573636779,9.63682681797901e-06,4.03858646545963e-05,"ENSG00000247982","lncRNA","LINC00926"
"46192",11.0638771697609,6.02004035633404,1.52868881844007,3.93804172812432,8.21493106250026e-05,0.000290019913431735,"ENSG00000259240","lncRNA","MIR4713HG"
"46258",7.50947938410865,5.44769316867953,1.65130335895614,3.29902627468961,0.000970208297649456,0.00275136204726737,"ENSG00000261002","lncRNA","VPS39-DT"
"46454",4.48701824311468,4.64829342304057,1.85913309447248,2.50024779659979,0.012410646435293,0.0264350758411633,"ENSG00000285869","lncRNA","LINC02858"
"46500",8.22411945098819,-6.5925211804368,1.76726132378064,-3.73036012938577,0.000191206269419609,0.000628271745480181,"ENSG00000261617","lncRNA","LINC02177"
"46662",14.7127741572867,-4.31886580894769,1.35649281073115,-3.18384717912352,0.00145331716901098,0.00395804580983899,"ENSG00000249231","lncRNA","CASC16"
"46747",2.36962056323675,-4.81429799036638,2.45231869185119,-1.96316164223019,0.0496273948148828,0.0863183566710207,"ENSG00000260135","lncRNA","MMP2-AS1"
"46793",15.7665960923562,-7.5346279568168,1.6810930791555,-4.48198142639541,7.39531813887749e-06,3.16742227028469e-05,"ENSG00000268754","lncRNA","LINC01081"
"46929",248.767187333424,-9.0725646740727,1.11149463398047,-8.16249075497754,3.28185706106563e-16,5.72648049319859e-15,"ENSG00000268388","lncRNA","FENDRR"
"47050",6.90124389453485,2.55691040718201,1.20274211237795,2.12590079025895,0.0335115210853568,0.0620903497321459,"ENSG00000262686","lncRNA","GLIS2-AS1"
"47076",38.217521377441,1.71586243334433,0.641896545988365,2.67311367239455,0.00751507805544756,0.0170416473039323,"ENSG00000260852","lncRNA","FBXL19-AS1"
"47200",29.7282719275597,1.99903461319438,0.83548981995079,2.39264987491064,0.0167271948320228,0.0342934878417803,"ENSG00000260853","lncRNA","NFATC2IP-AS1"
"47206",4.64755285948817,-5.78505355222784,2.23088213070528,-2.59316862715599,0.00950961314191685,0.0209915960781002,"ENSG00000103472","lncRNA","RRN3P2"
"47296",10.3317284307813,6.91050009953905,1.60693688839588,4.30041786297995,1.70476349943354e-05,6.8335406816556e-05,"ENSG00000260213","lncRNA","CENPN-AS1"
"47471",10.7540378480065,2.76491959677679,1.0412560382627,2.65536956826677,0.00792215634242286,0.0178426424832864,"ENSG00000247735","lncRNA","KCTD13-DT"
"47486",16.5934497628975,4.10561070649309,1.00055304804101,4.10334136159146,4.07225713584376e-05,0.000152168351702024,"ENSG00000214353","lncRNA","VAC14-AS1"
"47541",8.4651392622436,4.0676267491847,1.34233763813267,3.0302560500674,0.00244346491176677,0.00629667332957231,"ENSG00000259895","lncRNA","TEDC2-AS1"
"47590",53.7241426690066,2.26928407831877,0.504857424802057,4.49490087069335,6.96023642132076e-06,2.99814796226247e-05,"ENSG00000261373","lncRNA","VPS9D1-AS1"
"47652",5.94822485596971,3.39725277800175,1.50245899530008,2.26112844918155,0.0237513041651686,0.0463712764798883,"ENSG00000221819","lncRNA","GAS8-AS1"
"47864",48.1848478052935,2.98002173822166,0.56484174118445,5.27585254583465,1.32140310060658e-07,7.54688481284253e-07,"ENSG00000205913","lncRNA","SRRM2-AS1"
"47940",5.48395393170102,3.35811997927718,1.37596764877966,2.44055155094344,0.0146648527465942,0.0305332173853866,"ENSG00000260468","lncRNA","LINC01290"
"48173",96.6131844147495,-1.32051018444602,0.434408168814438,-3.03979132816466,0.00236742114585942,0.00611713841894101,"ENSG00000238045","lncRNA","MVP-DT"
"48189",2.4166640605415,-4.81933269570739,2.32860788835109,-2.06961967268779,0.0384879743316878,0.0697232840997985,"ENSG00000278214","lncRNA","LINC02139"
"48209",55.0972870165744,-5.54743212950733,1.14804504556315,-4.83206835040708,1.3512184561289e-06,6.53672185859957e-06,"ENSG00000260807","lncRNA","CEROX1"
"48338",5.21028072600497,3.37444622525589,1.64334606893114,2.05339963934114,0.0400338342624055,0.0721526772022411,"ENSG00000260528","lncRNA","FAM157C"
"48377",43.2174716983651,-1.49151144626764,0.573480037170453,-2.60080796120951,0.009300450063334,0.0205706767633035,"ENSG00000270049","lncRNA","ATP6V0D1-DT"
"48414",3.19315090407528,4.11808509939786,2.02953718970478,2.02907594908221,0.0424505551686407,0.0758452462539923,"ENSG00000261744","lncRNA","ZFPM1-AS1"
"48491",28.3335797633593,-8.38660902740111,1.63023410236555,-5.144420065334,2.68348480758841e-07,1.46525535962317e-06,"ENSG00000269186","lncRNA","LINC01082"
"48528",10.0540943542607,-2.28016990008777,1.03541061910564,-2.20218902338217,0.0276519590981104,0.0528185177247303,"ENSG00000261644","lncRNA","CYLD-AS1"
"48530",33.1904008154095,-2.05856296361178,1.03407307821222,-1.9907325768221,0.0465102952471964,0.0816725362499036,"ENSG00000262454","lncRNA","MIR193BHG"
"48589",8.43977384012779,-6.63896705053638,1.94147996767755,-3.4195393004637,0.000627272708111606,0.00186314052715625,"ENSG00000260057","lncRNA","LINC01571"
"48664",45.2751744820552,1.6023386648237,0.534619486492034,2.99715724044709,0.0027251011390663,0.00694018025268614,"ENSG00000246898","lncRNA","LINC00920"
"48672",9.73595332854459,4.77958182133778,1.52016241091912,3.14412577696087,0.001665838233793,0.0044733639410163,"ENSG00000263307","lncRNA","RSL1D1-DT"
"48677",30.3642379980211,-7.03084935055315,1.60001512498081,-4.394239304855,1.11161311262312e-05,4.60445074228519e-05,"ENSG00000260963","lncRNA","LINC03064"
"48681",10.3533517960621,-6.93623127240451,1.77799740098322,-3.90114815048033,9.57375351847549e-05,0.000333726370456778,"ENSG00000262097","lncRNA","LINC02185"
"48684",46.1961621881709,4.39885513302556,0.781955525948465,5.62545437311159,1.85020307687279e-08,1.19570694500621e-07,"ENSG00000261008","lncRNA","LINC01572"
"48688",209.618982288187,6.09068290939707,0.524022476376516,11.6229421140723,3.15094949674481e-31,1.93158756484372e-29,"ENSG00000245694","lncRNA","CRNDE"
"48695",119.536886492159,1.80750536727578,0.361909694161956,4.99435465927839,5.90328281787487e-07,3.05152793655786e-06,"ENSG00000259768","lncRNA","ZFHX3-AS1"
"48700",8.51895574160625,2.29922887806009,1.10877858894758,2.07365916061064,0.0381109766039544,0.0691663899487875,"ENSG00000261173","lncRNA","DNAJA2-DT"
"48705",46.9774416485555,-1.9237875498978,0.620926672432814,-3.09825239486061,0.00194665562561086,0.00513334969834905,"ENSG00000259877","lncRNA","ZNF778-DT"
"48707",83.644778957236,-2.37494384518761,0.498958418693356,-4.75980313431123,1.93781879348439e-06,9.16422002403808e-06,"ENSG00000255198","lncRNA","SNHG9"
"48738",30.9383037773083,7.52161201124968,1.34378420469582,5.59733622777049,2.17670309550588e-08,1.38690072919011e-07,"ENSG00000260034","lncRNA","LCMT1-AS2"
"48751",330.359215086323,1.33841403101461,0.466016756044186,2.87202984368164,0.00407844449544003,0.00994630115252291,"ENSG00000260565","lncRNA","ERVK13-1"
"48754",21.6126513900849,-3.88317182577553,0.928581571665337,-4.18183167129988,2.89170030203226e-05,0.00011129313673847,"ENSG00000259933","lncRNA","PKD1-AS1"
"48778",22.7183623054584,-1.60411731534004,0.673893920847197,-2.38037065733342,0.0172952315182883,0.035281359553286,"ENSG00000260778","lncRNA","MIR3677HG"
"48787",57.9665493553259,4.71733539780515,0.682541928631012,6.91142214115228,4.79818862260912e-12,5.15393236417732e-11,"ENSG00000277142","lncRNA","LINC00235"
"48881",21.8795595710969,1.90429649192464,0.695707431479717,2.73720878311497,0.0061962953915344,0.0143839433682371,"ENSG00000250616","lncRNA","YPEL3-DT"
"48882",62.8588583064601,-1.00419239016993,0.460114827561472,-2.18248213275798,0.0290739685060686,0.0551648225724294,"ENSG00000260219","lncRNA","CD2BP2-DT"
"48999",2.56785529358884,-4.91527086638613,2.44648788834094,-2.00911310037973,0.0445251406500456,0.0787981170947106,"ENSG00000263312","lncRNA","LINC01975"
"49010",4.91957328053778,5.84020448793359,1.96516270521973,2.9718681676694,0.00295993750951422,0.0074706621422897,"ENSG00000226746","lncRNA","SMCR5"
"49130",51.6990893845138,-2.59666713544823,0.528220741722738,-4.91587499381313,8.83867862833283e-07,4.41791064843985e-06,"ENSG00000265666","lncRNA","RARA-AS1"
"49190",23.1301543471723,1.8527571904809,0.681904483661593,2.71703330139762,0.00658699796945261,0.0151807502888238,"ENSG00000235530","lncRNA","TMEM11-DT"
"49212",6.13567725729529,5.12720256056578,1.71529807724525,2.98910296034378,0.00279797829146562,0.00711091458972568,"ENSG00000237328","lncRNA","RAI1-AS1"
"49275",3.4751206792361,-5.36307068436955,2.30170268443402,-2.33004493614183,0.0198037762340572,0.0396659875041414,"ENSG00000213373","lncRNA","LINC00671"
"49378",4.84083602650092,5.81790476799394,1.99852006759155,2.91110650442714,0.00360151230692863,0.00890332998881958,"ENSG00000263520","lncRNA","LINC02563"
"49409",6.46309127867747,6.23383911868637,1.8098946079459,3.44431056444847,0.00057251767082834,0.00171459585675492,"ENSG00000264630","lncRNA","PRKCA-AS1"
"49420",20.3091250552283,2.11604616642645,0.91135039023026,2.32187991480622,0.0202394025985729,0.0404279633762207,"ENSG00000215769","lncRNA","ARHGAP27P1-BPTFP1-KPNA2P3"
"49659",2.66704283930117,-4.97966361863416,2.27433679414684,-2.18950141045498,0.0285604161459857,0.0542903450419322,"ENSG00000273018","lncRNA","FAM106A"
"49722",9.35259108380484,4.21684799713105,1.23130833556768,3.42468890636309,0.000615503772556421,0.0018317028971362,"ENSG00000256124","lncRNA","LINC01152"
"49723",5.68149012285302,6.04801630250082,1.87965343615432,3.21762309273074,0.00129257550163829,0.00356104422748914,"ENSG00000226101","lncRNA","LINC02097"
"49728",48.6344727535646,1.98328581574831,0.562422048270253,3.52633013205648,0.000421361370933098,0.00129593417111715,"ENSG00000234899","lncRNA","SOX9-AS1"
"49762",61.1279443282457,2.9199435532974,0.519878160281594,5.61659207171888,1.9476049033472e-08,1.25355670825753e-07,"ENSG00000287431","lncRNA","RENO1"
"49781",15.5621767364391,6.52073632077491,1.44762617830698,4.50443382310273,6.65501318275968e-06,2.87914925990028e-05,"ENSG00000225442","lncRNA","MPRIP-AS1"
"49880",3.19248641901682,-5.23378311647922,2.20287881792112,-2.37588335495386,0.0175069961687016,0.0356219630334212,"ENSG00000266389","lncRNA","PIK3R5-DT"
"49920",40.1439532705899,-8.88306441825805,1.59712856347947,-5.56189690760121,2.66857929674056e-08,1.68067957473606e-07,"ENSG00000263400","lncRNA","TMEM220-AS1"
"49948",10.935644325188,-6.99492460377977,1.83500223000966,-3.81194338044099,0.000137878463954463,0.000466842615717981,"ENSG00000265489","lncRNA","ARHGAP44-AS1"
"50047",5.8185918792553,2.70790741616458,1.36674503004571,1.98128206551738,0.0475596504786049,0.0831584238531164,"ENSG00000265692","lncRNA","LINC01970"
"50092",7.13618707712943,5.3728506019546,1.69923587844861,3.16192158493026,0.00156731763359454,0.00423495311267666,"ENSG00000235397","lncRNA","EPN2-AS1"
"50217",12.799268825457,2.59224551470931,0.884659930377421,2.93021694065355,0.0033872543605383,0.00843811995239361,"ENSG00000227543","lncRNA","SPAG5-AS1"
"50383",6.42351747964043,3.73147239720775,1.63201685910139,2.28641780040332,0.0222298279474634,0.0438126436942039,"ENSG00000248714","lncRNA","ZNF652-AS1"
"50391",3.84895283859461,5.48604433674278,2.13044753374141,2.57506662325938,0.0100220779992491,0.021941822907261,"ENSG00000229782","lncRNA","SPNS2-AS1"
"50488",38.0812754923536,-6.32543640436491,1.3829154123266,-4.57398648390435,4.78530723102816e-06,2.11968622547739e-05,"ENSG00000267121","lncRNA","FMNL1-DT"
"50569",18.0319198691784,1.59866778462,0.800526823687654,1.99701963421498,0.0458230501431623,0.0806608567713062,"ENSG00000265688","lncRNA","MILIP"
"50587",5.95871680403032,-6.13989679203788,1.91277747648905,-3.20993783516722,0.00132763681500352,0.00364788826126598,"ENSG00000197291","lncRNA","RAMP2-AS1"
"50663",289.562499914846,-2.26870176869573,0.307028778597085,-7.38921536626686,1.47697773958876e-13,1.88818408224596e-12,"ENSG00000226137","lncRNA","BAIAP2-DT"
"50759",8.95199404517297,3.17338179843529,1.59548262840424,1.98897922292593,0.0467034963288083,0.0819755932345524,"ENSG00000267750","lncRNA","RUNDC3A-AS1"
"50926",4.4244215653309,-5.71065368008759,2.59683105183485,-2.19908556471265,0.0278718387605792,0.0531702751762066,"ENSG00000182352","lncRNA","CD300LD-AS1"
"50990",10.2741006241247,-6.92155853451711,1.83906123317697,-3.76363679993414,0.000167460051020338,0.000557619128971886,"ENSG00000265743","lncRNA","LINC02978"
"51031",40.1110865088278,-3.70556853866844,0.872794660517713,-4.24563612301479,2.17974128023085e-05,8.56115997320136e-05,"ENSG00000226629","lncRNA","LINC00974"
"51279",38.2875498808162,1.80026833921012,0.520532421857938,3.45851336749479,0.000543165318097253,0.00163425232086104,"ENSG00000234494","lncRNA","SP2-AS1"
"51280",54.2269153562216,-3.28503366740575,0.590495428062904,-5.56318222171875,2.64899023401927e-08,1.66909774061558e-07,"ENSG00000263004","lncRNA","AKAP1-DT"
"51312",17.5153385924483,2.61029090619753,0.770453254893069,3.38799387194465,0.000704058373422532,0.00206585646712941,"ENSG00000263069","lncRNA","RNF213-AS1"
"51336",7.1139025241274,3.26585405437465,1.24518787013514,2.62278017052978,0.00872155261425252,0.0194292428405717,"ENSG00000261156","lncRNA","LINC01989"
"51352",16.0325265772479,1.70391606557458,0.844614889207855,2.01738814617943,0.0436550233262897,0.0774453693392381,"ENSG00000267394","lncRNA","ATXN7L3-AS1"
"51421",10.6155560717291,-2.52449099132566,1.01181675774058,-2.4950080852218,0.0125954260178526,0.0267794729948706,"ENSG00000262061","lncRNA","RPH3AL-AS1"
"51422",20.9138176896538,-5.50850456664224,1.41181158525555,-3.9017278397281,9.55085065379615e-05,0.00033305315692996,"ENSG00000262294","lncRNA","RPH3AL-AS2"
"51563",106.209703981111,-2.825253185538,0.458097257152646,-6.16736542606405,6.94371631752971e-10,5.55796861757749e-09,"ENSG00000178977","lncRNA","LINC00324"
"51582",78.9372808000931,-2.03259528126434,0.576212761296991,-3.52750827088452,0.000419490655410717,0.00129060849333801,"ENSG00000198496","lncRNA","NBR2"
"51703",84.875983309034,2.273758089402,0.428871313143078,5.30172576183346,1.14713073317882e-07,6.61948899753258e-07,"ENSG00000265148","lncRNA","TSPOAP1-AS1"
"51712",12.5432927662649,-2.44040564629658,1.03405474288614,-2.36003525256815,0.0182731985023845,0.0369728380603318,"ENSG00000267280","lncRNA","TBX2-AS1"
"51715",238.872195128765,2.46167602376053,0.365368431886016,6.73751700729443,1.61116087827203e-11,1.61528164276617e-10,"ENSG00000236088","lncRNA","COX10-DT"
"51716",67.541572991522,-6.19901247530815,1.08328449303847,-5.72242334783241,1.0501522918823e-08,7.03412477385712e-08,"ENSG00000265206","lncRNA","MIR142HG"
"51718",57.2211675131158,-3.71099199916699,0.809785143625928,-4.58268718360341,4.59038483058931e-06,2.03918595722476e-05,"ENSG00000185168","lncRNA","LINC00482"
"51719",8.85162743568705,2.85435978568264,1.18693996156772,2.40480553196017,0.0161810738343414,0.0332620921695512,"ENSG00000262223","lncRNA","LINC03048"
"51720",29.9744214654255,-8.46729262457171,1.59432552607144,-5.3108932185486,1.09089237299016e-07,6.31854851876987e-07,"ENSG00000212719","lncRNA","LINC02693"
"51721",6.7124570399521,-2.7360721076316,1.2821819085199,-2.13391882185423,0.0328494264738943,0.0610593231285096,"ENSG00000266970","lncRNA","SOCS3-DT"
"51731",708.243698811713,2.35833706341073,0.388258942642124,6.0741345643248,1.24658164918018e-09,9.59182025942316e-09,"ENSG00000163597","lncRNA","SNHG16"
"51732",2.32497579355617,-4.77167900088241,2.3712297836028,-2.01232248088265,0.0441859541362427,0.0782874515893666,"ENSG00000263293","lncRNA","EFCAB13-DT"
"51733",23.4900281663613,-8.10745400717554,1.59410127736052,-5.08590898352436,3.65869490322617e-07,1.95591889841889e-06,"ENSG00000267365","lncRNA","KCNJ2-AS1"
"51736",87.8133783103053,-3.20061695643809,0.46006253316901,-6.95691721382211,3.47799193435787e-12,3.80786756589747e-11,"ENSG00000264920","lncRNA","SP2-DT"
"51741",21.5158829070896,6.11776545792483,1.24607592450647,4.90962495752245,9.12507393904063e-07,4.54962258684055e-06,"ENSG00000224505","lncRNA","HEXIM2-AS1"
"51753",862.43408888428,-2.04831755516513,0.517593087980136,-3.9573897000026,7.57732572219438e-05,0.00026929453731885,"ENSG00000186594","lncRNA","MIR22HG"
"51815",56.6215550861979,-3.37443590032727,0.697774604486144,-4.83599700910909,1.32479913281948e-06,6.42119203509211e-06,"ENSG00000214401","lncRNA","KANSL1-AS1"
"51841",452.244086948765,4.63932261920983,0.338689450676576,13.6978657290393,1.04552522905805e-42,1.27622862499626e-40,"ENSG00000233101","lncRNA","HOXB-AS3"
"51842",52.6927750440191,8.29337983832702,1.29906737217159,6.38410294645716,1.72405085471885e-10,1.49616649010541e-09,"ENSG00000239552","lncRNA","HOXB-AS2"
"51851",126.213294455797,1.16707266353447,0.383466176164667,3.04348267481434,0.00233856906480545,0.00604988990914673,"ENSG00000242207","lncRNA","HOXB-AS4"
"51941",15.0235870727942,3.11653512660818,0.969546259781203,3.21442643418736,0.0013070540238383,0.00359808313921302,"ENSG00000246640","lncRNA","PICART1"
"51963",42.6770628524462,1.0451092787621,0.50316296977899,2.07707908080189,0.0377942609884287,0.0687125736588032,"ENSG00000265458","lncRNA","NARF-AS2"
"51965",9.66784955998603,2.57656527659919,1.27500220736895,2.02083201245283,0.04329715774395,0.0770166941820192,"ENSG00000262772","lncRNA","LINC01977"
"51974",161.987155336206,1.79070713988426,0.443502882572506,4.03764487278503,5.3990502598745e-05,0.000197321287967216,"ENSG00000188825","lncRNA","LINC00910"
"52007",74.9943772259638,-8.33692247657616,1.48245752482313,-5.62371760200741,1.86891081380585e-08,1.20625363773262e-07,"ENSG00000264575","lncRNA","LINC00526"
"52161",4.1244378268604,-5.59034624717869,2.04438259366503,-2.73449121730033,0.00624767620729439,0.0144887156507966,"ENSG00000264707","lncRNA","L3MBTL4-AS1"
"52422",444.414299628382,-6.88140583359515,0.928184976078395,-7.41383022882925,1.22702976849776e-13,1.58834723195633e-12,"ENSG00000265933","lncRNA","LINC00668"
"52661",3.19991551720754,-5.23658079836163,2.26667702154892,-2.31024568060572,0.020874556334559,0.0414600692436721,"ENSG00000265369","lncRNA","PCAT18"
"52769",10.0509693299674,-6.89185246144813,1.737464494111,-3.96661484871059,7.290065492885e-05,0.000259981820518302,"ENSG00000267414","lncRNA","SETBP1-DT"
"52807",9.52520650028263,3.23639532057421,1.18824698227026,2.72367224058989,0.00645605416316475,0.0149073627657047,"ENSG00000264235","lncRNA","MYL12-AS1"
"52865",28.0556632240788,-5.33037202910073,1.08682892610959,-4.90451799822934,9.36570341615268e-07,4.66374828725971e-06,"ENSG00000267480","lncRNA","LINC02979"
"52984",6.15192116381586,-6.16776080587912,1.99631075323961,-3.08957951354523,0.00200440045980078,0.00526187831083148,"ENSG00000266554","lncRNA","LINC01443"
"53120",9.44162191758435,5.78712797559059,1.59317062001135,3.63245963922519,0.000280732495891988,0.000893534548624191,"ENSG00000266969","lncRNA","CEP192-DT"
"53150",11.8105282132276,2.65953652424194,0.957598134731831,2.77729919031925,0.00548126981423339,0.0129366706411066,"ENSG00000267322","lncRNA","SNHG22"
"53154",149.5740742808,3.75008106032757,0.404070535967718,9.28075849763808,1.68276318015187e-20,4.43914521960253e-19,"ENSG00000267374","lncRNA","MIR924HG"
"53163",340.448393834654,-10.5273891302199,1.46325621446056,-7.19449473454034,6.26924862630721e-13,7.4627655482787e-12,"ENSG00000263753","lncRNA","LINC00667"
"53169",14.6388086817847,-7.42724797588943,1.70201304431768,-4.36380202883047,1.27821259624919e-05,5.23993736429684e-05,"ENSG00000265485","lncRNA","LINC01915"
"53172",5.03074068901372,3.21346822369337,1.40428039268954,2.28833802737842,0.0221178435994877,0.0436290102216559,"ENSG00000266304","lncRNA","LIVAR"
"53174",27.12654814024,8.30317357410809,1.37653768202843,6.03192610163257,1.6201686932141e-09,1.22263869036989e-08,"ENSG00000265142","lncRNA","MIR133A1HG"
"53176",103.944023984052,1.22492883230734,0.448878526734213,2.72886484728782,0.00635527446873024,0.0146990479297957,"ENSG00000262001","lncRNA","DLGAP1-AS2"
"53183",15.3032110072488,3.94476082744201,0.99525430889821,3.9635707096903,7.38369799163518e-05,0.000262984001542358,"ENSG00000270112","lncRNA","ST8SIA5-DT"
"53184",124.28087524963,-1.11348327409933,0.544586575786033,-2.04463959195501,0.0408904031766808,0.0734290776132233,"ENSG00000266010","lncRNA","GATA6-AS1"
"53189",80.8852630139399,-1.19555643216182,0.387585528669074,-3.08462608567257,0.00203808202415759,0.00534255070305452,"ENSG00000177337","lncRNA","DLGAP1-AS1"
"53235",14.5818815372227,2.94824473724837,1.05629921579479,2.79110756986602,0.00525280117462914,0.0124459994458627,"ENSG00000263884","lncRNA","THOC1-DT"
"53273",2.738963769633,4.99594168088975,2.40834601191882,2.07442853151707,0.0380395298146312,0.0690439840496709,"ENSG00000228293","lncRNA","IDH3B-DT"
"53304",73.156826552586,-4.45791262002481,0.556977893607582,-8.00375144361766,1.2068487518283e-15,1.98268765599173e-14,"ENSG00000224961","lncRNA","LINC01752"
"53352",12.7079036213085,-7.22415717308408,2.00884582945086,-3.59617301993697,0.000322933052814947,0.00101588671785835,"ENSG00000205611","lncRNA","LINC01597"
"53356",7.49651451909429,5.44688891057634,1.65475639865123,3.2916560498065,0.000995993422573596,0.00281988737982154,"ENSG00000226263","lncRNA","ISM1-AS1"
"53364",3.08703599627937,5.16763670784114,2.30101559771073,2.24580690064961,0.0247163791201841,0.0479560476362134,"ENSG00000234265","lncRNA","LINC01723"
"53818",27.4972593355334,-3.68638213788294,0.838731559607126,-4.39518710802977,1.10677379223818e-05,4.58577064340939e-05,"ENSG00000226812","lncRNA","R3HDML-AS1"
"53858",6.80394013491883,-6.33202816769253,1.87847044395522,-3.37084258528982,0.000749386650538084,0.00218641156002992,"ENSG00000225978","lncRNA","HAR1A"
"53962",19.6146921586207,6.8584070142303,1.40608676886009,4.87765560854427,1.07354149983606e-06,5.2974704755208e-06,"ENSG00000236559","lncRNA","BCL2L1-AS1"
"53963",32.913179279134,8.58225234914466,1.34999234472335,6.35726001165095,2.0538418518509e-10,1.76366777472578e-09,"ENSG00000281376","lncRNA","ABALON"
"53974",11.2910565738041,2.87612914352387,1.32956007860802,2.16321863885612,0.0305243673458383,0.057423527619442,"ENSG00000232712","lncRNA","KIZ-AS1"
"54064",36.6980927949267,2.7278628078191,0.807359734358218,3.37874517607386,0.00072817469963534,0.00212921097557797,"ENSG00000226648","lncRNA","PLCG1-AS1"
"54154",4367.1512144747,1.15387263130191,0.233625970460363,4.93897416039916,7.85346170762846e-07,3.96246723685656e-06,"ENSG00000260032","lncRNA","NORAD"
"54165",99.9633882531487,-2.08191715983225,0.426934343790625,-4.87643402343207,1.08020794554856e-06,5.32942161541607e-06,"ENSG00000225377","lncRNA","NRSN2-AS1"
"54185",591.885325923021,1.10603533635396,0.362825719629654,3.04839286884876,0.00230068929291911,0.0059618699917348,"ENSG00000177410","lncRNA","ZFAS1"
"54298",4.44667572434127,5.69456126374502,2.03080168833205,2.80409519869078,0.00504580042238192,0.0120107485079808,"ENSG00000234832","lncRNA","NXT1-AS1"
"54389",16.8110823839447,-6.1861477680463,1.64779393381043,-3.75419986754118,0.000173896069456504,0.000576704183632501,"ENSG00000235621","lncRNA","LINC00494"
"54394",9.58255980815329,-6.82632789199533,1.94248856099617,-3.51421780753992,0.00044105101159148,0.00134977905251842,"ENSG00000174403","lncRNA","CRMA"
"54395",132.272985109184,-2.28800991946315,0.411634402362323,-5.55835446778142,2.72329889359259e-08,1.71165608644027e-07,"ENSG00000223891","lncRNA","OSER1-DT"
"54396",6.47128909660456,3.17991567189176,1.25678104551851,2.53020658071735,0.0113995387085518,0.0245633757972827,"ENSG00000232406","lncRNA","EPB41L1-AS1"
"54537",5.45369520275402,4.97130710580539,1.76381054721855,2.81850401316905,0.00482480078910495,0.0115538660094286,"ENSG00000278719","lncRNA","MCM8-AS1"
"54588",38.8080687360817,3.08839978748562,0.676875633966088,4.56272856121211,5.04930773862017e-06,2.23023779834214e-05,"ENSG00000213742","lncRNA","ZNF337-AS1"
"54593",3.95697492982348,4.48313380077827,1.9261707435,2.32748514943803,0.0199394584844423,0.0398912512119877,"ENSG00000229873","lncRNA","OGFR-AS1"
"54594",15.1745235442423,-7.48707382585176,1.92786507005477,-3.88360883868241,0.000102917431011892,0.000356610436067228,"ENSG00000228340","lncRNA","MIR646HG"
"54599",2.85791865199883,-5.08000341581004,2.34472470875358,-2.16656710139353,0.030267878192747,0.0569988035714421,"ENSG00000176659","lncRNA","LINC02910"
"54603",34.1158489767994,6.2031124572412,1.03658219860799,5.98419736087621,2.17459509436099e-09,1.60704078786938e-08,"ENSG00000228705","lncRNA","LINC00659"
"54606",540.390316983973,1.68188512232479,0.598101560385237,2.8120393487044,0.00492284806585329,0.0117472163697816,"ENSG00000196756","lncRNA","SNHG17"
"54608",295.020285341272,-4.57780275697878,0.522256306946422,-8.76543317158716,1.86059873459576e-18,4.04233593930793e-17,"ENSG00000259974","lncRNA","LINC00261"
"54609",13.1663563159937,2.2621848781625,0.885979516689978,2.55331509989535,0.010670291574796,0.0231858904448897,"ENSG00000229539","lncRNA","PANK2-AS1"
"54611",84.7004892117878,-2.2461883740643,0.70058908429505,-3.20614240846254,0.00134527393258592,0.00369161100550175,"ENSG00000232442","lncRNA","MHENCR"
"54612",24.108351896772,-4.33435599408707,0.959905170968319,-4.51540019282814,6.3197306047246e-06,2.74176808199673e-05,"ENSG00000224397","lncRNA","PELATON"
"54614",5.52234866696447,4.09224629448561,1.57099865266532,2.60486938517916,0.00919092899238015,0.0203559402186004,"ENSG00000228812","lncRNA","LAMA5-AS1"
"54617",20.9560732628115,-1.97441830643234,0.809590690181752,-2.4387858338503,0.0147366990956806,0.0306667468619625,"ENSG00000273148","lncRNA","LCDR"
"54622",71.0190783930389,-5.65702862480203,0.842191577265209,-6.71703300948664,1.85461968024973e-11,1.84672344619071e-10,"ENSG00000205181","lncRNA","LINC00654"
"54643",11.8568353128254,3.29850465434013,1.09648857743636,3.00824351682001,0.00262762494586265,0.00671158497322902,"ENSG00000280213","lncRNA","UCKL1-AS1"
"54699",6.59172970787036,-2.35365676341798,1.18374415149428,-1.98831543154564,0.0467768151627635,0.0820473651474677,"ENSG00000282508","lncRNA","LINC01002"
"55046",16.4884102399643,2.07093707228423,0.917393160023557,2.25741499122475,0.0239821558478635,0.0467858810740143,"ENSG00000267213","lncRNA","DPY19L3-DT"
"55542",73.5359164230176,2.14445031101881,1.07463299522803,1.99551876830635,0.0459863292516606,0.0808953624551524,"ENSG00000214049","lncRNA","UCA1"
"55547",2.63382275359207,4.93833373735349,2.43891119608879,2.02481080298166,0.0428867953619494,0.076391149374337,"ENSG00000267308","lncRNA","LINC01764"
"55620",19.9239622404909,-2.68690016623726,0.990681037657568,-2.7121748212627,0.00668433293134127,0.0153770598290758,"ENSG00000271109","lncRNA","LINC03049"
"55638",3.86863715210382,5.4930874293171,2.1299545987921,2.57896925710634,0.00990956053529836,0.0217416617467788,"ENSG00000266975","lncRNA","FARSA-AS1"
"55728",8.20693270751888,-6.60189177280745,1.94513083381707,-3.39406052180668,0.000688644717925256,0.00202404384249422,"ENSG00000267454","lncRNA","ZNF582-DT"
"56100",4.95894190755621,5.8512125856546,1.96570154680915,2.97665359990822,0.00291413064942585,0.00737100518987285,"ENSG00000180846","lncRNA","CSNK1G2-AS1"
"56374",28.1039974843503,-4.57322874323723,0.95561231616537,-4.78565278604659,1.70432476231459e-06,8.1346359903923e-06,"ENSG00000282851","lncRNA","BISPR"
"56453",5.95443394166652,-4.65392076385812,1.86449389328666,-2.4960772360881,0.0125575255923021,0.0267097884444297,"ENSG00000267852","lncRNA","ARHGEF18-AS1"
"56457",11.1582625514492,2.58505303645448,0.999031627804047,2.58755875640958,0.00966587091970841,0.0212858722556104,"ENSG00000237017","lncRNA","PRPF31-AS1"
"56582",62.7331341301559,1.25205063806737,0.490327785884538,2.55349721984183,0.0106647130037261,0.0231755780125479,"ENSG00000219665","lncRNA","ZNF433-AS1"
"56637",3.17537377399903,4.14528190319069,2.0423092881808,2.02970330066075,0.0423867072050362,0.0757700846697517,"ENSG00000267778","lncRNA","CBARP-DT"
"56830",40.7811016076551,2.59664890871298,0.544564123715143,4.76830697365453,1.85780555930965e-06,8.81278106718033e-06,"ENSG00000267493","lncRNA","CIRBP-AS1"
"56927",18.0699766267439,6.73169118648186,1.42310752905843,4.73027585690291,2.24214958375044e-06,1.04928981108725e-05,"ENSG00000268621","lncRNA","IGFL2-AS1"
"57079",5.18792481612154,-5.94036038606769,2.5616941658277,-2.31891865364354,0.0203994474912638,0.0407038301641355,"ENSG00000268751","lncRNA","SCGB1B2P"
"57081",168.667155410938,-4.42206842965365,0.789066169775242,-5.60417947066877,2.09243813456827e-08,1.33780486384492e-07,"ENSG00000231412","lncRNA","LINC03078"
"57083",24.0851758143447,-8.15253014721606,1.62253842786825,-5.02455289020621,5.04606727091985e-07,2.63979507926636e-06,"ENSG00000233527","lncRNA","ZNF529-AS1"
"57086",44.2048938043282,-1.32677668223869,0.489941712183691,-2.70802964770072,0.0067683975748406,0.0155575877853806,"ENSG00000269386","lncRNA","RAB11B-AS1"
"57090",133.260613566346,-3.66563938829473,0.492095450108569,-7.44904141561558,9.40208557974289e-14,1.23662308019766e-12,"ENSG00000269416","lncRNA","LINC01224"
"57241",123.557901214371,-3.34262578462344,0.4598589552259,-7.26880654739325,3.62677341098781e-13,4.42899213695488e-12,"ENSG00000267296","lncRNA","CEBPA-DT"
"57330",64.3795459765569,-2.43667690717632,0.454037047442901,-5.36669181710939,8.01939081116122e-08,4.73557533769208e-07,"ENSG00000268001","lncRNA","CARD8-AS1"
"57363",45.9564881477922,1.20483037319669,0.517368717222548,2.3287654106045,0.0198714967606091,0.039781587278414,"ENSG00000267858","lncRNA","MZF1-AS1"
"57365",37.9689560879956,4.43405965984943,0.758533793138346,5.84556640713925,5.04847482698542e-09,3.5400378662089e-08,"ENSG00000267530","lncRNA","LINC01836"
"57374",8.17179833667435,2.90677248852498,1.11156045032704,2.61503770457986,0.00892176060565073,0.0198228899421895,"ENSG00000267348","lncRNA","GEMIN7-AS1"
"57400",9.78718585257493,-4.37096913140279,1.46574412962859,-2.98208196304382,0.00286295340191429,0.0072593710029771,"ENSG00000267147","lncRNA","LINC01842"
"57408",6.35892415439151,5.18035608662352,1.71379996221036,3.02273089091577,0.00250504901517014,0.00643689586752841,"ENSG00000267191","lncRNA","ZNF45-AS1"
"57409",34.2482202240609,1.78243956681333,0.571674464786019,3.11792755599204,0.00182127564862027,0.0048352496972957,"ENSG00000225975","lncRNA","ZNF567-DT"
"57410",11.7710398302616,-7.10639147240327,1.71761517585591,-4.13735950421029,3.51325433382472e-05,0.000132903875716563,"ENSG00000269696","lncRNA","ZNF470-DT"
"57412",106.569410663847,1.7516217267018,0.386492306391248,4.5320998574513,5.84002295368615e-06,2.55235048404584e-05,"ENSG00000267575","lncRNA","LINC02987"
"57417",334.335524245123,-1.32420663379154,0.412085455970046,-3.21342725060357,0.00131161020446471,0.00360884069208672,"ENSG00000267100","lncRNA","ILF3-DT"
"57419",34.8067491557686,1.68465418687045,0.572575127530816,2.94224129877138,0.0032584591595058,0.00814917027380592,"ENSG00000267751","lncRNA","BSG-AS1"
"57423",82.283332996458,2.48417988899875,0.442474187464429,5.61429335174146,1.97367138147558e-08,1.2671106855328e-07,"ENSG00000268516","lncRNA","ZNF8-DT"
"57424",37.2595591198878,-8.77895325294871,1.70911610827751,-5.13654584988751,2.79834101963237e-07,1.52229532676678e-06,"ENSG00000270164","lncRNA","LINC01480"
"57425",63.2079897132131,-2.92190717187415,0.580450537240649,-5.03386074163071,4.80698931493264e-07,2.52040918658422e-06,"ENSG00000267107","lncRNA","PCAT19"
"57427",40.1694112786854,-8.88779643271587,1.6380134323548,-5.42596065280053,5.76436575562461e-08,3.46347287013792e-07,"ENSG00000166770","lncRNA","ZNF667-AS1"
"57428",3.4751206792361,-5.36307068436955,2.30170268443402,-2.33004493614183,0.0198037762340572,0.0396659875041414,"ENSG00000176840","lncRNA","MIR7-3HG"
"57429",35.523375809312,-6.28125033632698,1.27355646893648,-4.93205483190887,8.13690666539892e-07,4.09138661977809e-06,"ENSG00000232677","lncRNA","LINC00665"
"57430",100.798328354964,-3.25556630685803,0.549874999519571,-5.92055705333473,3.20852959729071e-09,2.31278392183885e-08,"ENSG00000266903","lncRNA","CEACAM16-AS1"
"57432",170.183436774097,1.3938943230948,0.345378698838342,4.03584334466216,5.44065108255024e-05,0.000198712283829994,"ENSG00000261824","lncRNA","LINC00662"
"57436",3.02643698958805,-5.15189870114794,2.25007739044677,-2.28965400168969,0.0220413818837741,0.0434966815009089,"ENSG00000254887","lncRNA","POU2F2-AS1"
"57468",25.0098384850701,-8.20606092873979,1.67071662696048,-4.91170124024502,9.02895546289321e-07,4.50412008402547e-06,"ENSG00000269834","lncRNA","ZNF528-AS1"
"57505",19.6738208649012,-6.4127303892267,1.58752848688583,-4.03944272005236,5.35783501690217e-05,0.000195944686406576,"ENSG00000266916","lncRNA","ZNF793-AS1"
"57649",24.127469663228,-8.15350843061999,1.71311151145913,-4.75947326025221,1.94098836713038e-06,9.17764988882187e-06,"ENSG00000267254","lncRNA","ZNF790-AS1"
"57668",160.817290662565,2.43877496018692,0.649745816051535,3.75342926408853,0.000174431770507955,0.000578274044670266,"ENSG00000236144","lncRNA","TMEM147-AS1"
"58272",5.64212149583459,6.03841408819665,1.88961611889446,3.19557714808735,0.0013955146882222,0.00381518362356701,"ENSG00000232530","lncRNA","LIF-AS1"
"58281",5.60179156190389,-6.04734370840774,1.96364992084376,-3.07964451515333,0.00207247797730768,0.00542556058568809,"ENSG00000223704","lncRNA","LINC01422"
"58285",5.04439861008793,5.87670933343266,1.95259333044193,3.00969446213492,0.00261510613066615,0.00668328913889529,"ENSG00000235786","lncRNA","ZNRF3-IT1"
"58318",27.5836163498703,6.44215932199277,1.21400202589989,5.30654742294804,1.11721104936924e-07,6.462918460818e-07,"ENSG00000268812","lncRNA","LIF-AS2"
"58426",19.6441218305676,2.18499801440579,0.690259665204968,3.16547253815993,0.00154831276489373,0.00418970272822142,"ENSG00000182257","lncRNA","PRR34"
"58457",21.5095107237981,2.96741243286744,0.715188427307849,4.14913373813603,3.33735800339749e-05,0.000126802316182959,"ENSG00000213888","lncRNA","LINC01521"
"58469",101.047560126177,1.81632870592585,0.512287871406229,3.54552353726437,0.000391833992090897,0.00121410953394364,"ENSG00000231711","lncRNA","LINC00899"
"58480",7.40868121905189,3.95202669928499,1.56127839244971,2.53127611218912,0.0113648345688935,0.0244923889489605,"ENSG00000280080","lncRNA","TBC1D22A-AS1"
"58533",17.1072321740515,3.47060821921454,1.10616123594677,3.13752471740164,0.00170380907694562,0.00456515321426421,"ENSG00000205853","lncRNA","RFPL3S"
"58544",73.8364364110946,4.84710238387838,0.574300059256135,8.44001721009156,3.17290943103789e-17,6.11955941616185e-16,"ENSG00000128254","lncRNA","YWHAH-AS1"
"58589",5.46112430094474,4.97130675470977,1.76327859567534,2.81935410938607,0.00481203999040722,0.0115262832406423,"ENSG00000229999","lncRNA","SGSM3-AS1"
"58592",7.12084099670675,5.35117680635026,1.66814604537565,3.20785870109187,0.00133727182221553,0.00367182439661409,"ENSG00000232564","lncRNA","MRTFA-AS1"
"58636",109.61932676351,1.36348938182338,0.408861710816793,3.33484243144094,0.000853477455753913,0.00245485025538313,"ENSG00000182057","lncRNA","OGFRP1"
"58665",16.1500126756889,-3.44250286134806,1.10512166427072,-3.11504422784055,0.00183917330941014,0.00487718269406324,"ENSG00000269220","lncRNA","LINC00528"
"58690",7.57287517562046,3.98576862867991,1.55238107991618,2.56751945784802,0.0102429040618604,0.0223654686133404,"ENSG00000224973","lncRNA","LARGE-AS1"
"58792",9.54970582042386,2.40143110117681,1.01398230160148,2.36831658440586,0.0178692380597101,0.0362768082602517,"ENSG00000184068","lncRNA","SREBF2-AS1"
"58878",9.44715768440799,5.78785790057771,1.56900931616751,3.68886139867878,0.000225259884671784,0.000730533161977977,"ENSG00000177993","lncRNA","ZNRF3-AS1"
"59061",97.9332221483171,1.27933306276069,0.453303842540729,2.82224182259329,0.00476892026009643,0.0114357935342705,"ENSG00000224086","lncRNA","PPM1F-AS1"
"59402",4.60729554966205,3.69794175681353,1.70003813329993,2.17521106402212,0.0296143034525853,0.0560067735382511,"ENSG00000235478","lncRNA","LINC01664"
"59404",17.6157108921982,-7.69179164596044,1.62164294954928,-4.74320913126918,2.10358905299999e-06,9.88101045300298e-06,"ENSG00000188511","lncRNA","MIR3667HG"
"59406",37.5935070744598,3.4569159900597,0.708648015713794,4.87818481588166,1.07066581258026e-06,5.28702984916985e-06,"ENSG00000236499","lncRNA","LINC00896"
"59408",588.703642546116,5.01986287634826,0.54961202304555,9.13346627413978,6.63404207157603e-20,1.64702966007165e-18,"ENSG00000197182","lncRNA","MIRLET7BHG"
"59410",26.4020158106106,2.89987273266858,0.725835936891317,3.99521790707753,6.4634776238283e-05,0.000232499736007193,"ENSG00000235159","lncRNA","LINC02939"
"59411",5.79026864697738,-6.09791158613685,2.58894700827304,-2.35536361565178,0.0185045884306671,0.0373839431339935,"ENSG00000233521","lncRNA","LINC01638"
"59412",73.996797245523,-1.73229570924153,0.669387970989811,-2.58787995051661,0.0096568629601591,0.0212677180536668,"ENSG00000225783","lncRNA","MIAT"
"59416",30.5919831497545,-1.2928906300092,0.58074883812294,-2.22624746730101,0.0259976100947927,0.0500442306368915,"ENSG00000229891","lncRNA","LINC01315"
"59417",4.97716043647591,-5.87505199191115,2.01000423824923,-2.92290527557718,0.00346781996747967,0.00861523316512549,"ENSG00000218357","lncRNA","LINC01644"
"59421",248.649689659265,1.66308766673051,0.369574720322733,4.500003856536,6.7952229667838e-06,2.93478973290751e-05,"ENSG00000226328","lncRNA","NUP50-DT"
"59447",14.4393339946282,-2.03879833971038,0.826670631158538,-2.4662764865048,0.0136525905332196,0.0287221443140098,"ENSG00000218537","lncRNA","MIF-AS1"
"59549",78.7428573917374,-7.42179152464293,1.15131192521121,-6.44637770366307,1.14554970815731e-10,1.01826234199061e-09,"ENSG00000237476","lncRNA","LINC01637"
"59558",8.16360107451436,-4.10066885363063,1.43666967950001,-2.85428787990969,0.00431334256181194,0.0104595832393298,"ENSG00000234928","lncRNA","LINC01659"
"59561",91.1786848060928,2.40968894758505,0.433306766108243,5.56116159742377,2.67984906081226e-08,1.68586978326099e-07,"ENSG00000228315","lncRNA","GUSBP11"
"59644",9.06175094890408,-6.72211118012516,2.02322803650224,-3.32246838163944,0.000892247827800436,0.00255591455222034,"ENSG00000233215","lncRNA","LINC01687"
"59663",3.83204592136252,-5.5077156339646,2.24132361187417,-2.45734957896558,0.013996641243401,0.0293571876136176,"ENSG00000174680","lncRNA","GRIK1-AS1"
"59724",14.6605791097624,4.43662035362485,1.07371995629869,4.13200884234164,3.59606583653147e-05,0.000135630991050965,"ENSG00000248476","lncRNA","BACH1-IT1"
"59725",12.0284989676617,2.78250215362452,1.01887509166333,2.73095512530592,0.00631510698063668,0.0146238351067495,"ENSG00000228817","lncRNA","BACH1-IT2"
"59774",14.0164873128073,7.35061721981188,1.51068495825463,4.86575124723848,1.14022857248421e-06,5.59775999308664e-06,"ENSG00000237609","lncRNA","LINC02943"
"59852",12.9489061933515,-3.34500914143837,1.36354753745364,-2.45316650102644,0.0141604777296787,0.0296449718440415,"ENSG00000223806","lncRNA","LINC00114"
"59982",6.00750143847948,4.24276050497319,1.69059910479897,2.50961951472091,0.0120861309151047,0.0258427404347172,"ENSG00000237646","lncRNA","HLCS-IT1"
"59985",23.3603111458465,2.93302947277307,0.7562138790636,3.87857133276231,0.000105071717928019,0.000363577145549509,"ENSG00000224790","lncRNA","HLCS-AS1"
"60036",6.8724090828772,2.67857386264973,1.30201214283731,2.05725720561458,0.0396614914573307,0.0716068095198812,"ENSG00000227256","lncRNA","MIS18A-AS1"
"60037",5.24796119367493,5.93318115403825,1.92712290572092,3.07877672795275,0.00207852391391666,0.00543576386470726,"ENSG00000232623","lncRNA","MRAP-AS1"
"60039",13.0894701382126,-7.25506419296751,1.94927982438538,-3.7219203226787,0.000197713416211907,0.000647970099693075,"ENSG00000283051","lncRNA","LINC01668"
"60078",565.543628266826,-7.24928801704237,1.0597704627156,-6.84043221818664,7.89545987044009e-12,8.23916549134676e-11,"ENSG00000184809","lncRNA","B3GALT5-AS1"
"60092",53.2017313380454,6.38914715365444,0.905272978043666,7.05770227170777,1.69278259011835e-12,1.92844176281555e-11,"ENSG00000280109","lncRNA","PLAC4"
"60116",39.6394729402363,-4.81898817303529,1.30430958015421,-3.69466593388477,0.000220176070932628,0.000715855167070791,"ENSG00000225731","lncRNA","PDE9A-AS1"
"60139",14.9328643286382,2.02377599290903,0.842231125066979,2.40287485545976,0.0162667531372301,0.0334283398480582,"ENSG00000230061","lncRNA","TRPM2-AS"
"60144",5.81735339679787,-6.087421230248,1.92903531913872,-3.15568158335531,0.00160123561175436,0.00431941178999223,"ENSG00000274225","lncRNA","HEPFAL"
"60200",85.5324025825994,2.34823428559098,0.405963562321602,5.78434742310868,7.27943587371015e-09,4.99861780906062e-08,"ENSG00000215424","lncRNA","MCM3AP-AS1"
"60231",4.37179343724733,3.60333462872285,1.66645161200205,2.16227978224574,0.030596617139529,0.0575283374956243,"ENSG00000234509","lncRNA","SOD1-DT"
"60262",6.54359316927169,-6.26985657592882,2.04912519476375,-3.05977233209106,0.00221505302775677,0.00576572585255319,"ENSG00000231106","lncRNA","LINC01436"
"60263",7.01207287162209,-6.36351006724257,1.80865688454891,-3.51836222868201,0.000434219216657731,0.00133106674951,"ENSG00000237989","lncRNA","LINC01679"
"60287",4.35113523198313,4.6290774963876,1.86470829302175,2.4824673723557,0.0130476016178501,0.0275870090880791,"ENSG00000228677","lncRNA","TTC3-AS1"
"60288",6.9931558035023,2.94418419563523,1.17240031106149,2.51124480935148,0.0120306233788276,0.0257339389175428,"ENSG00000230366","lncRNA","DSCR9"
"60294",71.511693300459,1.79142199451501,0.415720430308807,4.30919883630521,1.63847010703646e-05,6.58392456669531e-05,"ENSG00000183250","lncRNA","LINC01547"
"60364",87.523372333865,2.20619026534563,0.486868070480408,4.53139238144887,5.85961858400205e-06,2.56011059358494e-05,"ENSG00000238197","lncRNA","PAXBP1-AS1"
"60365",51.4801112276832,1.58131726310448,0.489607507706754,3.22976514496504,0.00123891943433038,0.00343194860053738,"ENSG00000235888","lncRNA","LINC02940"
"60366",67.1250547743632,-2.67935861056244,0.890377742181881,-3.00923808359882,0.00261903789270645,0.0066925778614285,"ENSG00000227039","lncRNA","ITGB2-AS1"
"60379",82.0017211291361,1.41049244776196,0.472104665064543,2.98766894745495,0.00281113874030005,0.00714034884377938,"ENSG00000237945","lncRNA","LINC00649"
"60380",3.36347366476651,-5.28738781041482,2.29040854064189,-2.3084911344825,0.0209718353663619,0.041619806982221,"ENSG00000225331","lncRNA","LINC01678"
"60384",31.2189957371579,4.82199132061699,0.986032724381265,4.8902954246704,1.00684751619086e-06,4.99137392645312e-06,"ENSG00000236519","lncRNA","LINC01424"
"60390",138.133031692525,-1.06226454791477,0.418485724425631,-2.53835312870642,0.0111375540340006,0.0240715435520906,"ENSG00000256073","lncRNA","URB1-AS1"
"60391",271.227940766197,2.40526927947962,0.385564824950941,6.23830060168396,4.42350007093761e-10,3.65096175783703e-09,"ENSG00000223768","lncRNA","LINC00205"
